65
332
300
286
118
669
952
950
133
204
999
479
867
472
7
642
605
531
458
582
59
118
356
401
834
151
716
506
61
138
340
568
266
528
850
617
748
866
131
698
661
12
954
770
823
914
244
718
591
908
746
651
729
610
828
13
778
406
984
42
777
692
630
654
123
723
225
94
337
393
782
292
651
873
421
606
209
164
400
621
285
56
759
422
547
275
56
875
501
359
247
104
7
979
482
941
605
206
722
678
886
83
977
293
7
555
31
531
968
782
947
601
224
232
954
297
752
987
17
564
969
145
707
250
845
343
953
940
975
656
365
42
370
511
598
563
378
307
217
817
452
489
748
616
239
723
922
643
569
18
751
646
0
36
953
545
885
431
491
898
648
170
577
168
829
974
155
119
130
96
483
543
406
372
164
44
906
641
337
148
588
943
345
842
113
457
60
517
446
723
263
561
531
547
176
185
775
167
905
42
449
291
716
951
877
695
275
299
281
251
821
963
259
75
40
0
556
144
162
687
896
828
590
367
157
332
39
45
880
507
247
386
582
323
965
999
728
444
880
543
477
208
502
746
381
188
812
313
73
128
788
541
684
425
528
597
879
788
857
756
288
153
390
688
82
353
990
713
73
896
604
990
340
897
310
527
522
229
277
571
872
281
945
384
640
931
101
252
546
3
52
54
208
986
278
300
235
604
966
835
312
501
807
9
192
93
827
748
362
108
770
423
906
596
130
407
750
801
724
306
957
202
441
403
479
613
823
294
475
108
870
863
163
170
145
440
88
645
765
895
757
801
796
52
501
816
551
308
397
244
389
888
656
344
319
995
365
458
344
478
969
50
406
323
500
552
681
452
468
448
342
289
268
836
986
468
819
398
752
406
13
851
898
598
995
118
48
766
914
90
298
475
269
254
349
248
329
694
944
827
940
222
724
635
118
574
125
326
988
861
644
669
439
30
697
444
71
931
298
99
334
476
284
719
79
606
276
478
484
365
293
190
153
840
832
275
579
7
389
578
446
549
972
544
569
6
619
810
682
264
213
900
570
305
992
617
583
485
835
158
852
732
553
637
410
549
49
714
83
446
938
7
202
615
208
297
453
386
983
160
462
660
99
352
197
336
380
561
366
976
729
742
306
28
956
63
71
14
920
592
862
3
323
535
745
851
879
847
866
187
183
350
762
471
226
710
855
394
248
86
307
329
72
175
428
212
702
534
320
274
701
949
557
623
249
401
202
439
658
481
304
480
897
628
334
858
10
799
0
14
629
210
702
184
349
209
972
716
726
73
149
786
640
225
439
961
812
220
101
398
289
72
423
74
645
57
331
309
29
500
576
485
180
675
311
492
219
403
73
461
445
360
686
53
40
572
516
82
827
529
778
781
571
893
600
832
820
511
279
14
825
347
576
885
218
34
718
13
712
151
931
766
995
546
804
980
22
637
284
433
607
913
970
399
449
838
265
90
566
509
212
344
414
5
718
465
210
920
564
660
941
796
562
672
919
937
14
206
185
886
367
871
184
946
475
425
939
636
20
17
651
634
881
32
646
555
892
95
2
923
800
736
730
674
375
618
898
563
884
835
523
78
798
307
981
997
567
541
440
823
176
85
922
952
422
648
335
699
25
383
594
116
185
618
646
272
504
765
348
186
462
468
10
372
335
453
168
187
253
147
762
240
109
397
692
253
467
152
690
974
30
98
812
731
314
57
58
552
911
16
404
964
213
424
422
762
220
870
950
594
269
282
86
381
260
889
681
138
377
471
70
724
217
47
110
720
64
894
406
192
595
747
699
522
631
752
713
598
76
390
370
795
80
138
767
887
795
970
249
616
807
685
980
349
52
526
345
99
476
672
857
626
308
479
913
237
718
235
769
330
607
931
522
494
540
60
547
613
364
103
147
653
908
371
324
649
38
992
516
604
71
352
724
660
195
459
789
115
849
42
654
452
910
552
231
803
995
439
219
921
686
240
31
714
979
57
982
480
103
533
697
723
8
20
375
512
438
344
224
973
816
420
250
854
791
42
464
977
508
819
647
794
529
478
711
407
617
5
889
521
631
540
918
648
175
271
249
444
63
501
506
787
203
409
387
830
556
331
263
426
215
818
94
208
398
561
953
388
239
986
470
598
494
237
35
979
612
311
931
881
149
707
563
581
683
546
322
805
908
419
298
517
309
681
297
274
523
536
598
65
742
789
205
502
645
649
809
131
88
764
733
55
824
793
730
459
207
758
102
371
927
609
393
618
700
146
143
594
946
939
301
222
677
712
645
424
979
527
720
658
