3936
8608
8256
224
4272
3280
8176
3008
3776
7648
4736
9600
1328
8656
1664
9264
2304
4976
1376
1152
7392
2304
5712
6416
1120
8784
8496
5744
1200
1216
5968
8224
8848
6208
4400
7968
1632
5264
2512
4400
3984
512
9552
3424
5856
3056
4320
1568
1344
9792
5808
1024
6224
7952
8992
2528
6592
6224
1296
8160
6016
3264
64
2096
9408
1776
1904
1280
1792
8096
9280
1440
6880
8944
3856
7200
3728
4032
3152
4432
6304
6096
8624
7104
8864
4592
1568
8608
736
4640
3872
208
9616
9216
4864
5136
6480
3328
7328
1376
9968
6544
6528
5824
3904
5344
2608
2288
9536
2400
7872
4464
5632
1280
5440
8976
1536
5808
6784
9600
7968
4112
7376
7392
368
2640
6880
6960
2800
640
1072
6112
6400
9712
8720
7296
3808
768
9168
8432
8624
2048
336
8944
7808
8576
368
1408
2384
7776
5072
9952
304
944
8640
6128
4288
1824
784
4160
5888
8944
576
6976
144
9776
224
7536
1872
4928
832
7072
6512
2656
5216
288
5024
9776
9616
4064
7104
2848
6096
4688
1632
3984
5424
6368
5232
5024
5424
6432
2224
5232
2944
2096
4800
3344
6672
928
688
6096
3104
2304
2096
1056
8448
8960
960
4160
9728
1888
6128
8784
1264
6976
3536
6656
3984
2960
7232
4832
8096
6176
1616
2240
6304
8768
3264
6704
4768
9232
4720
7120
4256
5936
3280
2784
9760
8816
5824
6464
3616
352
1808
880
1216
7648
3456
9776
240
3408
9152
8176
2512
7728
5744
1264
4464
5296
3072
6784
6560
8368
592
9408
6400
9328
8432
4800
1792
6416
8592
4640
2688
496
6864
32
9408
5872
6720
1168
6864
2832
8864
8064
8400
9200
8256
2544
7888
4784
2224
288
4000
4736
6512
8752
8688
7280
6384
4320
6416
9968
7296
6656
3936
2144
7488
8944
9104
8576
528
4400
6480
3088
8976
1456
6176
5296
112
320
1264
80
2096
5344
7200
64
4112
9600
4112
2688
3520
1536
7152
1840
480
1856
3920
6416
7136
1456
8912
8992
9392
3344
2640
5104
1104
4304
1888
4208
8800
2048
7392
8928
4240
1888
4720
928
9712
9232
1344
6352
2416
2048
8496
4880
9920
5712
320
3504
8656
8944
8512
8688
8624
1888
304
5280
7424
8256
2848
720
4752
3744
1840
5424
9600
1184
1920
7680
4416
5328
2896
9984
8928
2096
4656
7264
3632
1968
3584
240
6432
7024
8944
2720
6480
9568
9632
640
8832
656
1712
9120
4928
7168
4112
3408
7744
384
9504
4352
4016
3840
8128
192
3744
6240
816
7744
2864
3312
6544
2912
2784
16
2224
2448
9200
3504
736
3104
5520
6384
6480
4272
2144
1568
6192
1616
4816
9520
5168
1568
1904
9664
3440
8768
2000
9104
9536
3120
7920
6720
6256
6976
112
2208
4544
7568
8880
7632
7664
4432
3872
0
6512
4816
8272
5920
9920
3680
4224
7232
6416
7712
624
1984
3344
2688
9584
7024
2608
3872
6800
6368
6432
4528
8752
9696
4528
5440
3856
4832
5488
2352
1808
5056
2144
1712
5888
6688
8352
2976
5568
2512
368
9312
1392
8544
6576
5280
1392
7760
1824
1344
1904
7904
2192
7024
2128
5440
4976
1568
1424
8000
9136
2976
5280
3616
3616
9312
4880
352
4208
592
2016
5488
2400
9104
4768
5936
2800
7872
9680
4864
7136
7552
4976
4368
8224
6832
4128
7024
6944
3488
9584
7232
1936
32
7408
6448
3600
3216
7104
7776
2688
4256
6912
9552
2064
9616
7456
3680
3088
8432
4352
592
2576
8192
3904
7456
336
5584
560
6368
9648
1056
3648
4192
9696
5632
6432
4288
3216
3584
2016
2656
3216
3776
2704
2240
5712
9680
7744
2576
9536
9824
3152
9984
9264
9920
8160
2960
1280
9808
1968
3904
9392
2080
896
6192
2160
7856
768
5408
1840
368
944
3360
3424
9872
848
4352
3488
160
3360
816
8176
4368
4000
2704
1920
9968
6656
6976
2304
2960
2176
3328
3456
2416
1936
6576
1840
4624
6480
7760
2736
9824
1360
800
7696
1168
4720
6368
8640
1712
704
5440
9264
5296
3824
8384
8080
5072
6976
7264
8208
6112
9744
3744
9024
9952
6432
7248
5184
8656
7184
8288
6256
3440
4064
2016
272
8656
3792
576
3648
1296
5232
7584
9712
6464
8848
8176
816
2832
32
2768
1216
8432
3696
7520
4256
6448
0
8768
1120
7952
2880
3808
6544
368
272
1152
8160
6768
9456
7872
8176
7904
8832
7040
656
5456
5472
9024
6992
8608
352
8464
8560
1360
2064
9808
4400
9968
6048
6080
2704
6864
928
1488
2016
8096
4624
2368
1920
6672
2208
2032
1408
8864
6432
8176
5616
6400
4928
752
7840
2992
6864
2256
8784
8416
7616
5920
4224
6624
4128
6960
9936
3472
4880
6816
7696
1872
9072
7312
9440
2976
1264
1264
8160
624
7744
3920
3792
7152
1728
3440
6640
5888
7648
6336
288
2672
768
1136
8496
480
2848
3856
8208
6672
1664
5632
7152
4704
6368
3088
8176
6928
864
8016
5680
9136
7264
5760
9584
1920
6672
8688
5504
6704
6928
5920
8224
7728
5024
992
9856
2192
3856
3216
3936
544
5856
5200
5024
752
752
16
2432
9136
5712
2176
5392
1024
9904
9856
3072
192
3552
4960
336
1152
800
1872
3136
1200
368
3904
5408
7360
1056
432
9216
8336
5024
5760
4112
9120
1632
6976
7632
5392
7776
784
9696
8048
6720
6368
1088
4800
1184
2816
2480
272
7232
6912
1152
1328
8320
4080
3232
2448
5568
9360
1440
5760
8944
6160
5664
5216
1264
2960
3232
2112
1328
5216
2352
7104
3552
7216
4400
6960
7296
6768
7168
9952
1792
4848
9424
8432
2608
7248
2480
6240
9312
2800
3296
4688
4848
9584
832
7056
2800
4064
0
5168
7808
5552
8192
1680
5200
5792
6544
4144
1632
32
1184
5584
7648
5616
688
9664
4224
6384
2208
6640
7248
3280
528
2560
1984
2384
0
416
3792
6688
6912
6976
5232
1840
1664
1568
1248
4144
4896
1632
9744
1808
640
3328
8384
1888
8704
9984
2096
4432
8272
8528
2032
816
8160
1616
1136
688
2480
4560
9392
5792
9696
7952
8880
112
4304
6064
6064
5792
5328
176
5216
1264
192
3120
1008
5280
4272
3520
9600
6048
1872
8432
6640
5440
1168
3360
9664
5248
5360
5632
2640
720
4032
688
320
9280
1440
1056
2784
1456
1824
8240
3072
6272
1200
8384
8384
1408
4944
4144
4944
8768
9744
7040
1936
1568
7008
1856
3648
2416
8544
1712
2432
3744
6528
1216
32
8320
2672
5920
5248
3520
5408
2096
640
4768
560
4864
1360
560
3664
6256
1072
4464
5616
6976
6096
5088
2992
7520
3904
1808
1744
4752
1088
5792
5200
2496
3520
4912
4208
2448
4896
8656
2496
576
2512
384
6528
3440
2272
5856
6048
5264
1392
2256
2832
9008
9264
3360
1728
5664
6272
4176
16
4464
7072
3536
8992
832
5008
9616
800
96
480
3648
6256
320
9472
4192
2416
1392
1440
4800
6208
16
1136
2688
80
1664
3456
6864
2864
1344
5312
4896
5216
2880
720
5312
5344
4992
3552
1600
6816
9472
7280
2384
3984
1408
5872
4416
2896
6864
4944
9280
6176
1728
7456
3744
7408
4336
2656
4640
5616
5872
4688
2224
4736
8528
4336
5200
7088
5632
2944
1744
3424
6032
7888
9152
16
9392
6240
9344
2448
4592
1120
4016
752
3792
6512
3376
7296
1552
2432
4384
1968
112
9888
5936
1600
3712
3264
208
6624
1888
6080
6624
7328
7648
2592
6512
3696
352
4208
8784
2256
4256
1344
8304
8864
3424
3472
1056
4944
8704
512
3904
6384
4096
8512
7232
9520
4224
3552
1632
3488
5952
6032
8608
9408
2768
6272
240
6064
9920
2416
3968
9232
672
3232
0
3280
4096
8240
3504
3808
400
3584
8112
2992
4496
8432
1936
8224
2448
4480
9712
8144
1312
896
2944
8416
5072
8880
1856
7440
9984
3968
3568
5248
9520
544
7072
8080
7376
5552
3136
1232
2112
7392
8048
7136
7344
2064
5648
8128
3088
7296
2960
9552
528
592
9504
3392
9104
6224
80
912
6544
6704
6320
9552
5888
1728
4688
7008
4288
4592
4176
7280
3088
6448
7296
5568
9584
2576
1408
9552
8608
3376
4560
6240
7072
8128
2208
2608
8528
4624
2192
3696
112
1744
3552
5184
4080
8752
2304
2016
752
3936
1984
6192
4608
1792
2656
48
1600
4864
2320
5536
9520
3536
528
3776
5328
2992
8144
7152
2528
5184
7328
5488
8224
768
1504
2080
6544
9632
9680
3552
6416
784
8000
8624
7456
7408
6576
8016
6240
1472
0
3008
112
4352
2720
5936
7392
1936
7280
2192
576
3696
9984
4192
3216
9904
4736
6880
7760
9696
3680
4448
9024
4640
6448
1248
1824
2352
8992
3856
9696
2592
5056
5696
5248
4656
4368
432
7728
3920
2464
1152
3392
9376
784
6208
1152
8848
7872
4960
8800
800
5552
6032
4032
720
6176
5600
8576
176
9568
64
9360
8592
6320
2960
3568
592
464
3376
256
3712
5440
5616
3632
3024
3088
6048
9008
3488
7248
8112
144
9392
6656
9200
3536
2272
8624
6416
5168
9216
6912
9088
7520
3504
7344
9408
6032
4544
7472
3648
9520
5472
6272
8432
7728
7600
4928
2448
4384
2704
624
1040
4592
9616
1184
1888
9088
9808
1312
480
5648
1040
2464
128
1360
2896
5920
6736
1360
2224
7312
7952
3792
2080
5376
9536
160
7936
8336
800
64
6224
1552
784
1248
1472
6544
4512
7136
4400
7456
3120
3184
9376
7776
6320
7808
8816
7088
432
6320
5392
3952
3328
7888
2704
4592
3920
5984
448
2832
6448
8288
1040
6560
7104
8720
8576
5600
8608
5040
400
8976
9472
7920
9536
3056
3568
144
6304
7312
4528
9904
7968
8272
7456
1808
8336
3008
6480
5488
9440
3680
7216
6192
1792
7872
5392
6480
6416
160
5568
5248
3984
672
1472
7376
8800
1344
5888
816
6880
9136
5488
3424
1280
6896
2240
448
7616
9680
9104
5552
1088
4800
3408
7552
960
2240
7456
8944
2064
3408
7808
3936
9168
7408
4944
3232
6320
1712
1520
7744
3696
1968
8032
1680
8336
6752
9440
2528
6736
1200
4656
5088
7520
7312
5184
9872
9744
752
9664
5664
3392
5728
9056
9360
4512
2848
2800
7648
4672
336
2544
9376
9008
5568
2512
6160
8576
4784
1840
8848
6624
1024
6000
1056
9920
2352
5472
1184
5632
4560
9072
5696
8496
3536
8336
3600
8848
2176
9024
6560
6560
7776
6624
9440
2624
2480
3072
7472
400
5136
1888
9664
2944
7232
6688
8464
4448
1456
3568
816
9392
6336
9824
4400
8800
160
256
5088
4576
8896
7120
9680
6848
3248
6816
5104
7728
5600
6672
7472
6896
6336
4704
320
6096
6416
6192
4352
6032
7248
6288
1152
2256
4448
5872
912
416
4960
448
1712
4464
7152
2240
7296
5088
5984
4384
5904
7872
4688
5520
5392
304
1200
9632
5616
5584
9792
4960
3808
112
8384
3904
1600
8736
4704
6512
6592
5888
3040
1584
6448
6112
768
5952
3568
4160
2608
3360
5008
4256
1408
3184
352
2992
5664
6656
6704
1088
1168
4512
9872
9728
912
8096
640
9536
4432
9296
5120
3616
8064
4544
1728
112
6544
4096
4592
1440
5584
1616
6496
1360
2832
1392
1952
1040
5680
7552
9920
1584
4800
6272
7904
5520
6432
3216
2032
2912
6368
8768
3664
5424
1184
2688
2064
7808
2992
9216
4800
832
8464
4064
5072
2672
7744
1584
7840
6288
128
464
5328
5056
7536
8464
1024
4272
3744
6096
64
9040
9616
3360
6080
9280
4736
5056
9968
1008
4320
9392
2112
7728
1216
5184
9264
7872
2368
7824
9440
2832
2272
2032
9344
3936
848
4656
4768
368
1952
3232
4496
5744
5872
5680
9712
6480
8544
1616
320
3152
6256
8336
3568
9776
6352
2224
8128
8560
2608
1264
8656
7712
3936
7296
7840
1504
448
3952
6704
64
8720
8064
4256
5296
2624
864
8496
8832
6720
6560
5712
5328
5952
6272
8912
1936
6496
640
1920
3696
6272
3744
8736
8768
7344
3776
3328
9760
5216
6816
3904
7216
4640
2528
8896
6448
9072
6480
48
9728
2032
7920
1104
736
6640
3328
1184
5408
7392
9824
64
5904
9488
7392
5936
6880
5808
8656
1760
9808
6624
8672
9936
6192
320
2208
3440
9776
4384
4272
4304
7632
5808
5040
5184
8480
4144
896
8752
352
7616
6112
6880
4976
1552
6384
7856
9168
4496
7616
0
7392
9408
864
4960
128
5312
1184
7808
3312
6432
160
8960
4240
9680
8384
7168
6768
4640
1440
6288
1904
7312
64
7888
4464
6000
5184
2576
6080
9856
7264
96
3280
2544
1440
4080
8592
1712
6208
6816
6912
7424
6480
9760
1472
8112
9440
1840
8448
9904
1312
2240
8240
2272
5792
3504
3728
992
1760
7776
2752
4464
4160
3168
2688
2256
8160
8992
7296
7744
7872
752
1184
6720
5856
3312
6320
9952
9648
4224
1392
704
5312
5824
8048
5872
560
3312
8320
1552
8352
1712
3376
3440
4528
7360
9936
4736
5584
7984
5088
3008
9632
4704
6912
1120
5776
6896
2992
6976
1376
3456
6464
1856
8144
1488
528
6848
3632
8096
3088
4512
1376
6416
4016
848
4160
9600
9808
5072
8080
8560
6960
8576
8496
496
3888
3120
2656
1472
3680
1072
6944
4928
6544
9696
3744
4256
2480
64
4608
3440
3056
3856
2208
1872
6880
768
5888
8112
368
8416
1280
4816
5792
1552
4528
1936
5472
9552
4960
416
2160
6960
8240
7856
704
9456
9248
3024
6656
8944
9456
208
2352
2176
5424
384
6048
208
3760
192
4416
1056
6160
352
6048
5952
1632
6656
928
3136
9696
4768
8352
3936
7008
3440
1104
9152
1024
2992
5056
5568
8368
9888
8384
2128
7552
560
4752
4832
5760
8320
1040
5648
496
7888
9792
3280
6192
8832
2896
7920
2224
7984
5792
1312
1744
6896
6288
1136
1072
3136
8640
4848
32
1968
4752
9536
9776
6240
624
320
8080
160
6592
7440
7696
6832
5520
7872
3088
6080
208
8304
6160
7200
8144
9872
6528
8336
2352
2384
8384
384
3152
7728
6688
3936
4064
8544
2512
2128
9184
5472
3952
5456
8176
1744
4960
1632
3312
4176
1136
4400
9344
3024
4736
4400
8224
512
832
4224
1584
8192
1568
8256
4560
7984
2176
7008
7936
9376
6080
688
3552
7648
7632
592
1904
1312
2304
512
944
928
5904
32
6960
3408
1088
4272
4992
8416
880
5040
9360
7024
6032
3760
2448
2320
5632
3024
8448
7952
7792
8160
4160
48
3232
5392
8336
4592
5088
3728
3792
5712
8544
4784
464
5696
784
3152
3552
7712
1392
1888
7536
7408
1360
6224
896
7552
3040
3376
6784
7344
304
1648
2240
1616
1712
7968
8880
1552
9744
3952
7648
8944
1520
5264
4720
4448
9296
5808
6608
5072
6656
768
3776
2208
9568
7296
128
608
4320
4256
8576
2432
7344
3200
2064
2768
5056
6960
2208
3680
2512
2976
7456
5424
6576
3264
880
4288
3168
8944
4464
3200
2272
8880
6592
5712
8304
6288
2528
4064
2064
3056
3024
7776
8272
0
4048
1408
3744
2016
3184
3888
896
3840
2560
8608
2880
1488
3088
1552
4288
7312
9392
6464
9232
1136
6032
9744
464
6672
6336
2256
8720
7792
1248
1200
1968
4464
768
896
6368
6224
1696
1168
9200
6960
7376
7792
4512
1808
6336
8272
80
3712
5248
4784
5280
256
9888
5808
8848
7840
4672
6624
7760
9920
7360
6224
5856
3856
3568
2080
1472
9312
4896
7104
5616
2640
5280
7920
1520
1280
9968
9456
784
8704
2320
1008
832
8704
7680
8672
8784
7616
9520
8720
3776
2096
9136
7888
1152
672
8576
5728
8528
6192
1952
7904
5424
5936
4144
5696
8960
7872
6992
5904
4416
3712
9952
2560
7616
2288
5408
3072
944
5760
6480
8656
1216
7600
5984
1200
8976
3904
5248
4368
6960
5216
5312
6832
9152
1408
2640
4928
4656
4448
6320
8384
6464
9664
6160
1152
2656
7824
2064
896
5904
5904
8464
5488
9824
3152
4864
160
4432
4864
9184
7440
4304
7104
6432
416
8688
1664
6656
9536
4832
3328
4416
6560
8736
5248
5584
5696
6912
4208
8656
112
5216
7984
448
2272
3568
2400
3488
8448
5056
8352
3584
1968
5136
6208
1504
3408
5536
9888
4336
6368
8192
7648
8496
64
7600
16
80
5120
9840
2608
2288
1280
1792
9984
7536
9552
1616
8064
4016
1552
1200
5856
3520
7424
9424
3520
8640
3824
3728
8768
5312
2288
8832
1456
1680
4320
5840
3024
2016
3024
464
736
7808
3856
9520
3568
8448
3616
272
3872
7712
6288
8464
2352
1760
5424
8160
7744
6320
6832
1472
3216
7200
5824
2160
2336
9008
7728
1872
1088
4464
5552
4848
7216
7328
5904
2192
2720
5136
9312
1136
2720
576
1280
2352
5136
6928
2944
6560
48
6400
6208
3680
4736
3472
2704
1696
4224
5984
8656
3920
6160
2080
3520
5808
4112
3712
1280
4576
2000
4336
432
9744
8416
3344
560
800
9456
9808
8528
3680
672
8288
5888
896
4144
1024
128
912
5072
8576
2912
4192
1152
2944
2032
3008
128
8736
5264
8528
6928
96
3312
1584
9856
5760
1520
5920
2880
240
8208
1344
5328
6224
2592
8912
4288
7168
9680
32
9088
6032
7824
5872
3728
1280
7568
5872
7696
4736
3392
9792
8160
80
4688
7344
1120
2304
5504
2352
736
6736
2016
9488
352
3168
1936
4880
4896
2544
7232
3216
5664
3792
400
2144
7168
7456
9920
5136
5600
1312
9808
5184
5568
2368
4128
9120
1184
2288
7024
4352
672
2976
288
2272
1248
8656
9504
1200
4816
3936
3328
7296
7920
9216
1200
9984
9216
5168
8512
2560
7808
6096
2992
4336
9888
8176
7040
5664
8576
3744
848
5984
8384
2672
5024
608
8992
5120
3856
1632
3856
1456
9600
4688
1056
7024
6192
7728
7504
9984
8896
3840
2016
2432
4400
4944
1360
4864
5936
8496
8080
1184
4336
9856
3056
7520
9504
9344
9456
4384
7888
1008
944
5632
5264
7376
4096
4048
2864
3328
5872
5072
5184
3168
8000
240
1280
7520
2256
1952
6544
4432
4224
944
1024
624
9008
5072
8480
7456
592
9904
7376
3776
6160
4592
816
4192
2320
3312
4688
7264
7664
8384
5872
8672
4992
9616
6576
6368
7168
2000
1504
1600
2160
6720
4128
3328
1424
2032
8464
864
7184
6960
9808
5744
4528
9888
1424
3824
9296
2288
2288
4096
2816
2368
2288
5232
5952
4032
672
4336
8736
8080
3760
2064
6208
8688
5856
9232
624
5424
1616
5152
7456
1584
6912
3696
5920
7472
6256
1808
672
6384
2080
6928
3296
176
4704
7584
5920
1600
5376
2432
1536
6496
3456
6096
6160
8560
2560
4256
512
8704
5936
2656
2000
9984
4848
5776
5728
2736
9248
4704
1264
2640
2000
5184
4848
2560
8848
1680
5120
5456
2560
8464
8576
5712
2112
8192
2336
3168
9584
6368
8480
5552
3712
5664
9216
1744
8384
3920
4192
1104
1152
7472
7088
5648
7136
8672
9808
7584
7936
4592
1680
7456
7072
5872
5968
4320
1648
9504
336
6608
496
7808
3072
7248
352
7488
9776
1184
992
8608
6496
1712
8752
3472
7504
6480
2832
608
4000
8384
9376
4416
6096
4288
3728
4800
1072
5888
6528
5408
4928
9168
7856
9264
6224
1408
9920
2560
2352
3088
384
8480
8976
5184
1952
0
2880
9200
7312
4496
5568
2496
3792
7744
8032
3104
6240
5296
4640
2656
7344
5216
3248
432
4192
7840
2192
4320
6304
800
9344
1248
3168
8976
7184
8672
3200
2560
9936
8432
3136
5984
4976
8256
7264
6464
3888
64
1104
8384
5472
1936
6064
4992
8976
4432
9280
2288
9008
5888
784
3536
8048
8464
4464
2528
7248
2368
1168
9424
9120
7808
5840
6352
1904
7040
4912
2320
2048
4704
4976
4992
8960
7088
400
4928
9328
4304
8592
880
1008
7792
4944
1280
1040
2368
3824
16
9360
1248
7072
2704
5968
5696
6656
6688
6896
6464
2944
3904
8992
6736
7392
2848
9712
1984
1280
9344
5248
3648
9408
3056
672
9408
4368
1968
1520
768
9312
192
5648
704
1072
5824
6928
3744
4256
9152
8544
288
9328
5104
560
6624
2224
752
9024
9264
3632
7856
2768
9344
144
9328
8144
5968
7952
8736
3600
9312
2256
2096
7840
1104
7520
9056
3344
5520
7376
8432
3200
1328
9424
5392
6320
3840
7968
7312
128
3728
5600
2656
8832
8736
6752
1472
6176
592
2864
208
3568
5568
848
4000
2512
4400
5440
7968
1840
7872
1616
1936
992
2816
4144
1184
7920
848
9984
8128
320
592
9616
5792
3824
8272
5152
5344
5280
2544
944
1760
7264
96
2176
1264
16
240
672
7984
3936
928
400
960
2816
5584
1600
2832
2192
960
1168
2688
3200
8208
3952
8880
496
4576
2688
5056
3728
4224
3952
7168
1056
2848
7664
6240
4384
5968
5184
1472
6336
2560
5376
9520
7616
2336
8752
8896
3968
1840
8560
8736
7312
2528
2528
2032
5328
2112
8512
7152
2400
4176
5408
64
864
9584
2976
9440
512
512
3776
464
6560
720
2624
9888
9280
9104
8304
4976
160
2000
6736
2464
896
208
5392
7840
5424
2992
4368
2448
9840
8832
8560
832
3328
8272
1312
3904
8240
3504
9904
9472
5856
2752
8480
9680
1104
6608
64
6336
1408
1488
2864
6864
1312
944
5136
2832
7440
5136
2352
5552
7008
4752
7056
2336
4640
4240
7008
8208
6912
9264
7040
1504
1824
6368
704
6320
5888
8992
8512
6448
6448
6544
4464
1728
9792
6400
480
1936
16
8768
4528
2432
6896
9104
5920
8848
3072
6192
480
832
2176
6896
6144
3504
1520
6736
2848
2864
4192
3440
2128
7184
176
4160
9024
5200
2416
8656
5792
8576
4352
2736
1664
8576
2000
2288
1744
9840
7520
6016
3568
2400
3648
8544
7904
9072
2912
2304
1440
240
3264
6480
2608
3088
240
4320
8464
8144
496
4480
6912
2544
7904
5280
224
8016
1408
3760
6768
9008
3808
6352
1088
3824
7344
7152
6224
6320
8864
816
2976
2480
3744
3312
5936
1184
4528
6112
3312
2496
6112
5712
2896
3968
4864
3360
2752
8672
416
9120
816
3888
5376
5744
6368
976
8400
64
6480
1184
1696
4464
5664
1392
3152
7120
8208
3888
3584
4816
6976
8352
848
6944
6800
704
7136
224
2928
3808
5664
7296
528
512
8128
4656
7456
5360
1744
9696
8240
3920
272
5904
9136
3344
8128
1120
6992
656
1392
8992
4672
5808
2592
9296
9168
9488
3264
8032
1968
8048
6800
3360
32
1664
1312
4112
624
6928
64
5680
112
1440
7184
7088
6000
1120
6272
6512
5600
4784
32
1936
1296
5840
1648
7120
2016
3424
1248
2512
960
6992
4816
4256
6384
5520
5472
5312
5408
3792
2352
1360
6064
4880
5648
8688
1744
3136
8672
1808
464
880
2112
6048
4912
9424
7440
5184
8736
5568
9712
9568
8528
3328
2640
8896
6560
5840
1392
8752
7040
5136
5936
8752
4736
3488
4160
6208
1920
9072
8736
7488
8032
4672
5712
5360
9568
5696
640
1680
8848
1744
2464
5664
4432
2080
4064
3504
9392
7408
8240
8112
7904
1504
1536
6208
4784
9280
7568
1344
6608
8224
9376
80
1952
4368
9536
288
9088
592
752
656
8688
7056
2672
4816
336
2544
2384
2192
528
6320
2896
9088
2096
8688
2288
5312
7792
9568
2992
7712
7408
6688
2624
4000
5984
9392
5824
8896
1728
1312
8528
9776
720
2480
4416
7328
3312
7904
7200
9488
288
8240
5968
4640
8048
9568
1904
976
3904
7248
5552
4832
2784
464
1472
976
2448
4848
7728
784
8816
9232
8112
1392
8784
16
6672
2224
2144
2416
7616
2960
7552
1600
3248
8576
2608
6640
9328
7168
3568
4880
8368
1520
7568
2256
3952
9072
6784
3664
4944
7856
6016
7872
1696
2448
2560
2784
3600
7824
7328
5872
3600
6704
6944
3040
5424
3328
2976
7744
0
6816
160
7504
6640
1232
2000
6128
3328
3664
5904
6192
5072
9184
3328
1040
3696
4576
288
7840
272
7088
496
784
2880
2128
4848
7408
9824
6448
3408
7712
7408
6176
5424
5840
5024
6528
9296
4304
3440
2288
6736
6240
8080
416
7904
8960
2304
3024
9152
2096
928
3536
5184
2096
2688
8240
1648
7952
1776
9840
9968
6912
2800
9200
1408
80
1904
5872
8656
7264
2000
4256
9232
2224
1744
192
4432
1760
656
352
8880
3680
9264
3680
336
8832
1120
4752
2400
6416
8688
528
2672
1056
9744
5696
9008
1824
7744
5664
9248
5296
8656
752
9088
8928
1648
7616
1552
832
6832
3904
5328
8928
1344
9152
8160
3808
3936
144
2176
2368
1696
8528
6256
1200
4128
3360
5936
5056
8192
2384
3216
48
1392
656
2016
1088
5936
5360
1168
2816
5792
1536
5632
9568
6672
1760
9280
5760
5328
7680
1792
4256
2752
144
9696
5488
5328
1760
304
6528
6896
1904
4224
8128
4496
4432
2576
384
9008
2000
784
1536
1616
4336
8784
8640
9936
2320
9040
9840
6864
9680
9264
8352
4720
688
4944
7408
9312
6320
240
1200
9584
272
5904
2160
1472
4800
5344
2432
2000
9488
5440
4320
7888
2448
592
8752
6736
944
1008
6832
8544
8880
96
3696
3904
4480
2464
64
5824
1904
1072
7968
7168
2544
9328
1088
8432
1696
2096
1056
8032
4512
9952
5872
8864
9344
5904
3824
3296
2192
3472
3152
848
7072
2336
4912
7616
4848
3072
7824
2368
7680
2512
4224
16
3072
6992
8416
7792
5856
8896
8576
2592
4224
2112
1872
9664
7456
5024
8800
9568
1184
8960
5904
9584
6464
5888
1920
9520
1312
6192
7776
7312
2256
8560
4016
7664
6384
2912
5520
5456
1056
6480
5424
6256
3328
9968
7712
9088
4000
9920
9936
688
6224
1520
8112
1040
1136
2032
8576
5552
2400
8208
5168
8528
4368
608
7072
7744
384
6896
7952
9936
3040
3856
4800
3328
8544
2992
5584
8256
880
4320
7424
3776
6368
6624
3776
9840
4320
7792
4320
5376
9920
7216
7776
5920
6176
1520
4048
64
9168
176
6800
3136
5056
4704
9568
192
9584
2080
3216
320
9152
7408
3936
4336
9392
7280
8064
9824
7920
7680
9904
928
1968
3024
3280
1712
5888
1360
1280
1072
5840
5696
9952
7920
6784
9808
3616
7056
9728
1392
8144
2208
0
4208
7824
3840
8000
6176
32
5408
3280
208
3904
496
9632
848
4608
1904
3872
4576
304
2112
6784
3648
640
2096
9488
1424
6416
4656
9904
9040
4704
3168
8320
48
6912
7872
9344
4992
5728
9344
8960
8560
9504
1824
4848
9168
7504
8704
3536
4272
9792
5536
8848
3904
7728
2880
2128
3568
208
9200
2576
672
8304
8752
496
5904
6160
4000
4144
8192
3920
6416
8592
208
7712
5024
8176
704
5776
7024
4528
2112
7984
1312
3712
8432
1056
4080
5536
5712
3600
6064
1056
3360
8528
9744
9440
4320
1456
3520
9216
304
5808
6352
208
9728
6576
2192
5296
5424
1776
6336
8464
4336
8512
2160
3232
1792
1824
3184
8144
9088
5536
6976
8736
4240
7392
2064
9552
672
7184
8640
480
4752
5120
8576
6912
7824
5456
7792
512
544
1744
1632
8544
5744
7776
9584
5648
8608
848
4080
8896
6400
2784
7680
1216
9056
2544
848
4672
3456
7296
736
2576
1824
1216
7456
4848
2016
9008
16
8976
3248
8720
7024
1584
1248
288
6384
8304
9488
16
5888
5504
3280
608
176
7088
9632
1152
3552
3040
7008
2784
2096
5264
9344
8704
3664
6304
224
1552
9136
8832
2528
9920
7488
4720
7136
512
8704
8624
7920
2480
5392
6384
8192
6944
6016
1424
1744
7472
9952
6320
8304
2848
192
8384
832
9280
480
2912
8928
176
3424
4416
5696
720
3232
2784
1552
2384
784
2064
7456
2752
3440
3280
0
3568
7376
9472
160
1104
7488
8048
3168
624
3120
5440
9872
9888
304
704
7536
5808
7792
3632
3232
672
5040
7920
8000
6976
3408
7072
4624
4576
2912
8064
112
9392
5888
8496
9616
6992
6304
3632
2000
7744
6976
4288
4384
1648
6496
7680
5568
7872
1952
8832
4128
304
1744
8800
3296
2112
5072
5376
5920
7712
8720
2048
336
2608
8368
6128
3456
1344
9648
352
3472
8224
1680
3632
6912
8208
5904
2352
6832
6816
9728
1472
9184
5776
224
1312
4176
3824
8384
912
3824
9696
4112
6576
944
192
7888
3376
2464
6000
3472
7360
5200
304
3408
9440
5408
8560
7696
736
6800
9936
6640
4928
3152
48
848
9328
3120
816
6192
6336
5152
1168
4368
976
9696
1504
5904
8800
2928
9312
5664
1408
4912
8976
704
5424
1088
7328
4720
3728
8144
16
8048
8672
9776
1424
9120
6848
7280
1744
2640
6224
9600
4912
8256
1888
5536
4208
1296
9968
5760
3808
6432
6848
7152
352
7296
7120
5040
5840
688
8080
3552
3968
8384
4192
2768
2384
5776
6928
624
1632
5216
4256
9840
9344
7152
6368
4992
9808
5600
640
1840
9008
5488
2720
1424
304
1712
528
7344
3872
4256
8432
2912
2640
8720
7424
3088
3568
3584
7600
3248
5840
2416
4480
5696
4144
4368
5088
2864
7136
2336
3680
6480
5408
3120
2944
6864
288
6592
656
6304
5088
3488
1200
3600
5088
8128
6416
7488
5424
6176
9936
2352
368
9088
7136
1520
4336
5632
6032
8528
32
4480
672
9232
7680
9216
1568
192
9968
2000
8704
3584
1600
3136
9040
6992
1680
9216
6768
9872
4032
2320
8432
9424
2624
2352
2928
368
288
5888
7696
1664
8016
192
2496
5632
8752
4144
4896
3584
1488
656
3424
6256
6592
7072
3376
9136
8080
6960
1728
8672
6256
7376
6544
624
5504
1600
5840
9248
8000
6672
6176
8768
1632
2528
6224
5552
9712
8064
7904
6704
5488
1536
4032
8832
48
8672
4976
3184
4176
6864
4720
928
4592
4464
8240
384
7296
7136
4592
8720
5904
1744
896
1104
2640
1184
1920
7472
192
7440
4912
7680
720
256
8752
1808
7488
3632
9104
2400
9424
9904
4288
9472
8528
3392
6448
7808
3040
1248
8464
9024
6608
2912
5968
9664
2752
3856
4768
1392
7888
6496
8912
6496
160
4704
2096
5360
4240
9680
7168
4336
128
3312
1968
2928
5712
3184
7424
4832
2000
5776
4000
9104
3792
1200
4560
7200
144
4592
128
6016
7584
7792
5152
8496
3536
4848
112
208
8160
4048
2736
5392
9632
8144
5488
1344
7776
9456
5120
7776
5824
3376
4224
976
2208
7136
6080
2112
2944
6896
6640
4288
5040
1552
464
5152
240
5840
6880
3840
5264
4832
5232
4800
9392
6080
416
6480
4800
5776
5072
7344
6112
4512
1168
992
2144
1824
7248
6016
6224
912
7968
5136
1648
8960
3648
768
8064
2288
2192
2736
4384
2160
3232
6176
3632
8256
8224
7248
3568
9488
3520
7072
5392
9104
1408
5568
880
7520
5488
256
4720
5952
2224
1824
4144
6144
5376
4032
6112
3696
8144
4704
5424
1392
5728
7520
6144
2448
5216
8352
6496
2784
1488
800
1872
2256
6256
8368
3856
4240
7280
9392
9920
784
8080
496
336
96
3920
2288
8496
480
1280
7904
2176
8656
9312
1216
7760
9872
5248
288
6976
8816
8672
9472
4784
3968
592
3024
4768
9760
4960
6544
7440
4992
7488
1728
9392
7216
7968
2896
8208
8240
1424
8816
1152
8128
8176
6752
3152
8384
8368
5072
4032
1600
9936
9872
8752
5152
5200
4880
7216
192
3120
4944
1392
9072
1408
336
0
496
6720
4880
8880
7472
7696
7088
8672
6016
6928
3920
1216
5200
9360
7600
2032
7184
4448
5984
9616
448
9872
7888
144
7952
7936
752
9440
6960
2720
2848
7936
4960
6880
8736
5552
8128
848
2432
2128
8128
9232
1072
7600
2720
560
1568
2144
1120
816
7536
8896
6576
7968
336
3568
400
8912
2960
944
5056
1856
4400
8496
9504
1392
6432
8752
1072
3552
3168
8528
752
3440
5216
6160
8240
1952
736
5344
9824
3504
5920
8752
8256
8752
6304
8768
8864
6256
2320
272
3104
3984
3008
4064
9232
2160
5776
4304
3424
400
6320
7696
8512
2688
7744
704
5792
9616
6016
8144
3104
3216
8272
1680
2480
592
8480
2560
6704
7488
6688
8832
6416
9104
1120
2368
4864
4512
7408
896
9136
3536
7424
9072
5248
4896
8608
7424
7024
1648
8384
9584
4928
9712
384
8000
9968
864
8352
7104
6784
7824
2576
2160
4816
1664
1152
5024
5856
5360
6640
9312
1424
5568
6640
7440
9744
5296
2336
9552
512
9136
7712
2688
9456
7344
976
5072
6336
1776
1840
5632
9728
8624
6608
4000
5152
1136
1600
7824
7280
9600
1328
672
1312
9568
8368
4576
288
2832
560
5616
5456
9648
2192
7184
9280
9808
3056
112
9664
5712
8816
2736
1392
8848
2512
576
3344
6000
3552
4912
416
7888
5456
6640
9280
6160
8528
2064
7392
2208
6480
1184
8768
8304
8912
8720
384
6752
32
8544
5648
8624
6976
2528
2672
9328
48
2336
4768
9184
4176
7232
320
3136
4288
672
8080
6528
6016
2560
9616
4656
4768
5760
16
400
5024
2176
5440
5232
6400
6816
1184
6832
9424
6208
2512
2768
6080
2112
5712
3008
512
1072
2816
6928
9216
5408
4192
2032
3968
9792
1728
4352
112
1328
7936
624
464
5248
6240
7280
2784
2688
8064
32
6512
4592
9072
9472
7584
2688
7360
5696
2864
4080
7504
192
4176
624
8992
1872
4416
3120
2656
2000
6144
9728
1888
9568
4160
9808
0
1072
2544
960
2976
3824
8848
9568
1472
5888
192
7776
1808
8752
2672
7792
3296
2624
2048
7312
6224
1440
7904
2880
4432
5616
496
8288
9520
9648
4720
9872
8880
2288
9440
4352
9536
7472
4192
16
2224
1888
8096
1040
512
7248
7456
7728
3952
160
1456
4672
1904
4848
9408
3584
4608
912
9744
1184
1920
5488
2560
9744
1440
7216
4048
4080
3344
320
3280
4624
6448
7472
4432
4352
112
3616
432
2032
7296
2064
6768
5840
4128
1328
2512
7904
9856
4016
3200
7984
6816
4704
976
4320
4288
2272
3168
4032
3536
5376
9728
1696
7024
6352
608
6336
7872
6480
7792
1568
8816
3744
9648
6720
4720
3104
9408
8416
9264
4384
576
7824
9744
5472
1872
3056
6256
1856
4592
3392
7536
5824
1488
7792
4592
8000
4160
1200
608
2112
5792
8272
688
6752
7408
2784
7872
4320
6912
3040
9680
7616
9856
2896
9968
9248
1488
9008
8496
6128
8256
6928
7664
9584
2496
3648
6672
9872
9728
192
5760
4336
2112
2240
4208
1696
9120
816
5488
1232
160
5040
6000
6912
7968
3216
3296
7952
688
3680
1376
3232
912
528
6864
3872
6656
5344
4272
912
4784
6656
5952
1712
1968
7840
3376
3872
960
1440
384
1728
8912
4768
3888
3072
400
8752
3536
2512
7200
5568
1856
8624
7968
5376
3552
352
5120
1488
432
2320
8656
0
8896
3264
5984
3232
2384
1904
9216
960
1920
1344
5712
7824
4240
3040
7024
5056
848
8592
560
2784
9120
3904
960
8336
6672
9792
6288
496
6528
2608
3216
6000
1760
1296
6496
6480
1040
7744
7376
9520
3184
1808
7728
5440
4256
5728
2096
8416
2128
6688
272
5968
6128
8560
8240
8656
8992
3424
8528
592
1600
6528
7824
3200
2336
4400
1824
3904
9632
2400
4672
9840
2160
8128
6176
9824
3456
7360
6976
6720
6160
1744
4448
9936
7872
3664
7104
8352
3904
5760
2016
8256
5648
6432
7584
5728
9424
8432
8704
9984
7952
7104
7824
5952
3568
5776
5536
3088
5136
6320
9056
7424
4480
8000
96
480
1760
6528
4768
9104
1440
7504
9520
2400
9344
6544
432
8736
6624
5728
6752
7648
6656
6704
9008
4272
9840
3504
64
9776
8896
2864
4288
560
7408
8704
4000
480
2960
3520
7392
3616
9536
2640
4160
480
2768
8688
4704
1312
5824
1904
208
4000
1344
6176
2064
1168
1504
6256
7088
8704
3840
4560
96
4368
6560
3008
384
6704
4688
1424
9408
5904
2768
9984
4656
5200
1136
832
1280
1040
6720
2752
7552
1104
7024
5568
2592
5392
6992
2352
8560
832
4208
5504
1200
5488
6896
8000
7808
8448
8112
4624
8464
5568
608
8528
7264
9168
6256
2816
9984
9344
2448
3456
240
4224
9664
7872
3104
4192
1376
288
4656
1584
3456
7104
9424
8960
1472
6576
4800
9088
992
3648
7952
1488
6256
5104
5104
1792
7696
3536
4928
416
7344
9376
5424
2032
5808
8336
4768
8656
3168
2224
368
7360
8816
2736
5536
3760
9792
1024
1696
448
4576
8176
9920
1424
1008
2736
1648
2096
3168
848
8880
832
4816
3424
6336
672
48
8064
9056
2736
7520
6128
3184
1360
2656
3280
8576
9888
5184
6624
1424
1056
2528
6560
7792
5136
3872
3168
7520
368
2416
1760
8896
7120
5008
4992
3072
5520
4928
1584
272
8208
9040
7904
5312
6688
6560
320
3712
8752
3056
672
5808
4880
6176
7952
6848
2720
9040
3264
9136
8160
1776
4864
880
2560
1504
7920
7536
4768
1040
9568
2832
9904
2960
3536
8832
7520
4432
4208
8848
2688
896
3744
5280
2880
3728
6192
4912
4912
3072
4336
4432
8096
8448
5184
9392
96
8800
3696
1600
688
1104
8832
8352
2224
9696
5584
3360
9104
8128
1536
9376
8256
5936
9600
4608
8544
2608
2432
8752
2400
4512
6704
2768
2416
9040
6800
3088
9712
6576
5728
16
2352
9872
976
8464
2048
9120
8144
2464
6496
1824
5040
6144
5856
4480
4208
2896
6336
2272
80
5152
4272
0
9984
944
8992
9376
2560
3744
960
9312
704
3616
8448
6160
2288
3648
4752
7456
5776
8704
6016
1728
784
8944
1472
5296
896
8048
5184
9056
5488
2272
2096
9904
9696
0
8224
7600
96
3440
4704
2784
48
4368
9024
4992
928
2944
3920
8928
3792
336
784
7920
6704
400
3664
4768
8992
944
1888
2784
80
128
1376
9392
9008
9680
128
9808
7744
8256
7104
1552
4192
320
928
896
9840
9776
1344
32
496
1408
7808
8240
6976
8976
560
6304
5664
2240
1792
5312
4048
1280
384
4928
7280
4064
4528
4416
1152
304
7088
5744
9760
944
528
3536
5200
496
1488
6720
4752
7488
6912
1392
8816
336
240
2096
9904
5760
6944
6832
8096
1504
5504
7488
2880
5840
9696
7696
7840
4624
1696
6016
5200
8592
4384
3248
8064
7200
8672
5568
4432
1296
1808
5488
144
8704
8896
5632
8256
5584
752
9472
1984
6592
1616
2160
3184
2320
2064
3680
7488
2000
5008
8208
976
5968
2656
9872
5344
9376
3968
6976
2144
5808
2912
5232
7936
4336
5488
5200
7824
2656
1872
4960
1616
992
3264
6016
6032
7680
4864
3280
2816
9056
2224
7616
6272
5456
2592
8096
1936
5072
2384
7696
9504
6880
2288
8816
3568
8864
2816
2816
4432
4000
4592
4144
3312
7712
6016
1408
2544
7904
2688
800
7056
976
8112
160
9664
4160
5328
9488
7040
8176
7424
3936
4416
432
5504
6752
7856
9760
7904
8592
9024
3888
4176
8832
2448
8608
9568
8304
32
304
9648
2960
1040
432
4576
6944
8352
3424
448
9008
6480
4048
704
2720
6320
9632
6768
7600
3104
3152
8800
6080
2624
6272
1520
1600
544
5552
7744
9328
3456
8272
2672
9872
1840
9824
8720
9984
6112
1840
9968
2576
3200
8160
6608
6256
6864
3344
8352
6224
6688
2272
3216
2560
9920
4384
8592
8800
6720
7616
6848
6272
3680
6336
1120
8528
1024
1952
3328
9008
9616
7968
1536
1056
1040
6000
3456
1648
6704
2144
9616
1264
480
6480
1536
3408
48
9584
8432
3088
1968
3984
1392
1552
5136
6560
4064
7952
3680
6624
2112
1840
656
9360
2320
448
3968
448
2048
9728
3760
3760
6624
9312
2592
3408
8368
1712
6880
6592
8256
6624
3520
2496
4384
7328
8448
976
3200
6480
5312
8320
8736
4304
5472
7520
848
1984
7920
8672
3040
9424
3984
5984
9616
3552
7184
9632
6144
7200
9312
6992
3440
2432
5920
9552
7040
656
1600
4592
2944
3312
6208
5520
9344
8576
5136
1488
8176
7472
6432
768
8400
1648
6224
3856
4080
656
2032
8832
448
4688
688
1264
7808
7024
7328
6128
8784
9216
3040
2480
3056
1328
9696
4192
9744
2016
9728
1728
7792
2496
4912
8304
5104
1136
7264
9568
9776
5440
6496
6160
4688
2720
7728
4128
3344
5056
6320
1760
3168
6160
1968
6864
7184
1456
5632
7504
7056
1344
8336
128
7360
9136
640
4608
1824
3440
1248
4208
7440
3296
448
9888
6496
1920
3344
4928
480
7392
3056
8912
688
9440
576
224
3248
6656
1088
8640
7968
8464
1968
384
2992
4704
8496
7008
2240
3376
5696
2912
7520
9120
2912
6944
6176
6736
3728
5600
2176
8960
5680
5888
1504
832
64
3648
7328
7936
5392
6528
7664
1632
3456
144
1488
5632
5232
3232
7072
2304
1312
1168
4640
32
8768
2624
2240
2240
9808
2704
1008
2352
5376
8096
2528
9920
3840
8288
2304
2800
3728
496
2256
2928
6096
7504
8576
9408
3744
8112
5440
5312
1008
5792
4400
1200
9328
1072
7136
8688
2976
7136
816
6848
2288
1248
9168
4288
1120
1088
864
2528
6064
5232
9264
784
7920
3344
6304
4000
4624
6592
4672
4032
9232
9680
2304
4096
592
2464
5984
1424
3632
2672
1072
9488
7360
3888
2128
2432
4592
6144
8416
528
5888
3008
2864
7360
1696
1520
5264
9984
5776
6448
6032
3632
2448
8320
560
9792
7616
3792
8128
976
5552
7520
7664
1088
5936
4672
3424
3376
3040
3632
8528
9424
1184
7472
1456
5632
5024
3040
7312
1424
1536
5760
9184
1648
6128
1920
2736
4112
8496
1088
3648
2768
8416
4128
2496
3328
1056
9456
3280
5984
1440
6320
3024
1536
1904
2384
4464
9488
8496
3440
8192
5968
3840
1168
832
3424
9120
9008
1920
9856
9312
112
4032
7408
1296
8112
976
2736
7632
4112
1584
9360
5328
1600
7904
9760
8416
64
2432
1984
3552
6960
4720
6304
1936
6512
6960
848
4720
2640
2656
3216
1904
9744
1984
2144
1888
5056
1328
1360
8176
9184
5168
6720
7504
9648
5872
7952
8688
1680
2944
1360
5984
1792
800
640
144
7200
976
5264
8432
3312
176
9600
6096
9168
5504
6208
4464
7792
7312
80
7072
2032
9264
3264
1520
6720
9536
3360
9744
6960
5968
6768
976
3952
9856
7376
7280
16
1296
4560
7488
8384
5632
4208
7472
8752
8176
2656
464
4944
8032
2480
576
416
8768
7920
5664
8752
8304
208
7664
16
1424
2256
8064
592
2400
9072
2576
3600
3376
4432
3952
5664
1152
5536
9600
6160
8976
1088
6448
2288
9392
9808
6912
6384
1056
528
6944
6400
1200
96
1568
5072
5888
1328
6176
6112
8464
6048
3152
6224
5344
8576
1520
4096
2752
4592
3360
720
3632
4640
4880
1584
1376
9904
1616
9088
544
5824
7488
8832
4240
4512
4192
2000
5888
8304
4416
9440
3712
4928
3440
5200
9264
1600
368
5888
720
5776
1600
320
3552
4448
1504
384
5328
112
6656
3712
6944
3728
3776
3920
3248
5424
2960
2528
432
2688
992
8112
608
6400
2656
2032
1136
192
8032
7392
7776
8720
7584
4416
5344
2560
1360
4560
4832
8352
1600
2640
1280
3616
7408
8144
848
7120
4064
6656
6736
3248
8848
4000
2688
7360
528
5424
9728
7584
9600
8224
4896
5376
9360
8112
1296
5824
9664
9168
1920
6320
7600
8080
9968
6944
2976
2320
9280
9120
224
7600
9056
832
5664
6224
7664
4304
5744
7296
1920
5104
5184
7680
1408
9632
3936
2640
448
2384
6464
1856
7072
3760
3792
1088
6176
8896
1264
6064
2144
64
5648
2864
8400
8848
2400
1056
9952
5664
6048
6384
7360
3248
800
8320
5088
8080
3104
7504
1504
7712
816
1792
3104
2448
5168
1568
7296
4016
2352
3328
4112
5280
1072
8512
9904
8416
480
5024
5328
5392
5328
7552
5264
1968
112
6944
1872
416
9072
5424
112
5760
784
8400
7200
2208
4320
1968
7376
3488
9312
944
9472
3776
1632
912
9728
4384
1792
1808
4816
3456
9344
9952
7616
2032
7152
9056
5952
9040
1648
9040
6048
3824
720
3984
48
5184
6000
6688
6144
3488
1504
5904
5232
5136
7536
7904
6800
6784
1504
6608
3616
5344
5824
4112
8880
5120
5248
224
5696
8288
6880
9936
7296
112
2240
912
3984
5552
6544
1216
4256
5088
7296
3712
2480
5920
6304
2880
8160
544
3792
416
816
9936
5536
6688
3184
2080
7904
7440
6176
6272
9584
2240
4320
6560
7712
4432
6592
6992
4256
5712
8048
3376
4064
1680
3376
8608
7424
3904
7984
7328
9120
9920
9680
8432
5680
2608
5968
9040
2096
9408
6640
7696
9552
576
1808
2912
9968
144
6528
8224
768
256
9056
1152
9648
5440
6880
5568
7984
320
1184
6416
6672
800
3088
80
9600
5744
3696
7024
4976
528
8864
752
5632
7840
2560
1184
9104
512
3808
8928
2400
2416
224
3488
5168
5248
1856
1104
2672
3328
8544
5472
9200
2688
2176
1888
9408
8528
8416
7968
8720
3904
9968
5952
6800
5872
2144
32
1696
4080
8064
7904
256
9488
1248
3552
8032
2688
8144
6208
864
944
416
4144
5648
7024
2256
1728
2288
7776
7472
8896
8688
5520
6976
6128
16
4976
5792
8736
3328
5088
5728
9280
128
7712
32
6496
2912
2608
1216
992
992
5856
5360
4160
8048
2304
3888
8432
9920
8864
9520
6288
800
5696
9344
1872
9552
4400
9760
304
2672
6384
3040
9216
1136
1888
8704
5664
960
8080
1888
2544
7632
9312
4704
6992
3168
8832
4720
5680
2944
384
4336
1520
5424
5008
704
7552
96
3120
256
4384
6048
9712
3328
464
4272
1200
320
2016
2336
2624
3504
5328
8784
2576
7984
4736
4256
8048
3472
928
7072
2112
6992
8336
2320
5456
5664
8400
1408
9056
1600
9792
432
5136
4880
9456
6768
7664
9344
3440
192
6816
7760
2240
2576
4400
4400
7200
6096
6112
8480
3856
8144
5584
2416
2752
5600
560
1648
3040
7648
7232
880
528
5888
7344
6176
9216
4624
7968
6896
6992
5712
7120
9072
8112
5024
3264
96
2576
5488
7504
3616
2192
9696
896
3936
7136
4496
9632
8416
8528
672
4240
3296
5776
128
9632
8128
7712
3088
8528
6864
352
5792
7152
7200
96
4016
864
9616
2400
6688
6960
5472
7152
1408
9616
7360
4768
1136
4864
4272
9296
9936
3776
8272
1072
5600
5360
5632
8048
2192
8976
2800
6672
3904
4864
7248
4848
480
4640
5712
4944
6160
8112
8800
5184
2016
5072
6704
4112
9952
3072
2864
5296
1040
2752
3344
9952
3760
3584
384
7104
7824
6048
736
3904
7968
8464
4224
9600
416
7776
5072
464
1904
7088
6608
3408
4944
320
5936
1248
6912
3664
7456
2784
7184
9264
3088
8224
2256
6624
9616
3792
8128
3680
9472
3824
9280
7584
1392
9632
8592
5024
7152
3040
2576
9104
352
4080
1216
1632
48
6464
0
7856
2672
3248
3440
4624
1744
9696
6288
6480
6096
6528
7104
7568
7376
6016
1056
3376
5904
4000
5920
9696
5248
4656
2736
4784
9648
3136
912
9568
3696
5920
4752
6736
4112
5840
2576
7248
1760
1712
2976
2688
5120
8864
7904
1680
9856
8064
8336
4240
6176
3792
1200
2496
5424
8208
4784
2192
8288
4560
8896
8976
9936
9984
2896
3200
8736
8048
3216
1296
2624
2528
1264
6208
4416
9296
9728
1840
1888
4096
2352
8544
6160
2416
3360
4144
6224
1488
1488
9648
1136
8640
7344
3648
8768
912
5168
8464
3024
5120
6144
4144
7664
8112
6384
2240
5984
1456
2480
9520
5488
1968
7616
6464
6608
1232
6208
9744
1584
7472
4720
2432
4128
896
6320
9920
9856
7696
5584
2736
4816
64
1200
2896
160
9904
2288
6432
9888
4112
4832
7760
784
5888
4832
768
2160
9648
2512
7328
6656
4320
800
1616
4464
6256
7760
256
1072
4128
8624
3088
2928
2768
6896
2144
4320
8512
3680
6928
3280
6896
3152
976
3584
9616
7984
3120
4544
3376
9824
9216
6448
816
1072
5712
7696
4592
9456
4224
7328
5296
4960
4032
1808
6608
6912
2224
8576
3712
2816
5136
4384
8656
2768
5440
4992
3264
1520
5152
2192
7728
384
2304
2720
928
1616
4656
9088
8096
2912
5776
8832
9344
7088
6064
1248
1264
4960
4848
9568
7936
3584
9616
1040
9200
3792
2784
5776
4944
7536
5936
1984
8592
5488
688
6896
2352
1600
2720
6336
5552
1216
3152
1376
5712
8064
816
7840
480
2736
3584
7872
7056
7808
3168
8080
7456
8304
6496
5200
9312
5488
48
7600
1360
6848
3920
3168
9136
6384
2784
4224
9232
7872
3536
6144
8640
1120
6096
3808
1488
7792
3088
1008
7568
7488
1856
144
9328
2784
2800
4912
6208
1216
9504
5248
3648
9504
5056
3936
512
4896
3808
8608
9456
5728
2384
2528
9008
3152
2304
5168
640
6736
4144
624
5712
9456
7152
8672
8096
4512
2592
6512
368
8208
4928
3760
9664
4736
5424
4080
896
6240
160
688
8864
3488
4096
6960
5696
5408
4464
6480
5536
1152
368
2304
3984
9456
2336
448
5472
4000
3584
2528
1712
1584
4192
416
7104
1136
6464
8336
3872
2800
3744
1472
6400
6096
2992
5440
3936
5712
384
6192
9984
1392
9760
8480
8704
2528
2112
2160
832
1984
9616
1168
5344
4112
3776
2112
5984
3824
2736
4112
5392
3440
2160
416
512
3280
880
6640
8416
3328
3952
9552
5936
8320
3152
5424
6816
9616
2704
7200
4416
9904
3088
7392
1264
4944
4496
1088
96
864
1632
1296
7856
5744
160
864
1872
8000
9296
6272
464
4096
192
1616
1648
400
1776
3920
448
5040
6032
320
5968
5344
9328
4368
4656
4864
5968
944
3808
1120
7840
9440
3216
672
7120
5776
3472
3728
8816
6608
9024
4032
208
160
9152
9424
9408
5392
2544
7856
1456
160
8720
9024
8048
3664
1520
7936
2144
6352
6720
2128
240
5136
9680
9648
6464
6656
6064
8624
4016
9776
1520
5344
7984
1120
8432
1968
4496
2672
5504
1856
8400
3616
5312
9264
3248
6800
7312
8976
9856
7328
7840
6496
1024
8816
9376
8928
512
8800
2816
4176
6960
7760
2704
3616
7568
8688
1792
7648
5504
8448
6624
5568
4704
304
9248
9360
2144
1664
8112
1520
6096
5152
2576
1328
9200
3680
4960
9216
4464
4592
4560
3840
5360
6480
8624
1984
4528
5504
9296
8240
6544
1872
4208
896
7008
3728
4896
7104
1680
9296
5280
8208
640
912
1472
2784
6992
8320
4368
4784
4944
6032
6192
1200
5872
8608
4400
4048
1584
6640
7600
3024
9312
3696
5632
5648
848
1568
208
5072
1920
5744
3616
7872
2256
2496
7296
1808
6640
896
6256
6000
4656
1920
7456
4912
7696
944
3344
960
1712
2800
7136
7520
2320
8512
9568
1200
1440
6752
5168
4896
7504
8368
6016
2624
848
7408
8048
4032
8944
6608
7376
6608
1712
5232
8768
8320
8976
8784
4928
64
5040
4304
368
8832
3024
3488
9200
9392
1632
9296
2368
8624
7168
112
7552
3680
944
5968
2304
9872
9376
6144
3648
4800
7488
7104
5968
3536
7872
9520
7008
9168
8944
4000
9264
7776
8896
5456
7552
784
9680
4464
7792
5904
1120
9216
1392
2432
5584
2288
6784
8704
1680
9856
448
3888
9056
7024
8384
2016
1200
5152
880
8000
5136
8912
5200
1024
336
6736
9632
1056
5552
8880
9840
3984
7056
5040
2688
5296
8160
1840
5968
8960
2816
6304
9792
7264
3552
7296
8832
1168
64
1232
2832
3648
8208
2768
224
7120
6304
6688
6992
4512
928
3056
3120
6256
9776
3984
8960
7696
3200
1168
6656
5216
9760
6816
2864
6256
6816
5280
1280
1632
7232
4624
5792
9584
8736
4832
1520
6768
6064
5696
640
2032
8624
32
2032
7984
2736
4832
8640
9504
7040
2160
9328
5376
2416
6656
304
8096
8928
2512
3184
3392
7040
2048
6320
6928
8720
5728
1504
3712
1712
2352
3856
6032
3360
4208
3008
3584
3680
6320
6416
9984
3168
7968
1056
2128
704
9296
9392
9120
3136
4704
4032
8016
6464
8432
6160
9792
7408
5408
3168
2208
9728
3744
640
5216
5264
8048
8784
6144
9296
9568
2256
2752
5136
7280
6672
2656
7760
5152
2208
8848
2656
0
7376
3312
7056
6912
4864
5952
4112
5184
3280
4112
9520
6528
5616
8752
2000
8288
1888
3824
272
8464
6944
2272
3744
9856
9056
9120
720
224
672
9008
3680
9072
2976
4688
7760
7664
2800
544
5296
9088
832
4608
6336
8672
8880
7632
1104
4000
5424
5200
6240
2288
9072
6000
1216
800
9136
7008
5664
1536
1216
4320
2368
8128
4464
5152
8704
6160
4064
9072
3504
3584
7136
3568
8256
7712
3872
496
3376
2800
1712
528
9664
1344
960
1856
5760
6576
4144
7664
2864
5776
1568
8608
2416
9008
5952
3856
7600
640
752
704
2416
3392
6992
9920
752
3952
6496
3536
5024
6192
5680
9120
8752
64
1568
7056
7008
3264
5088
1872
80
2400
9984
432
7200
4240
7168
7552
4704
272
7136
1872
3248
3040
7616
8736
6496
1632
1728
1952
8336
2480
8560
9536
4928
5552
7568
7536
6112
3744
1024
9088
6256
4704
2816
4640
9088
2368
8032
9136
7760
5632
928
3840
7088
8416
8160
1232
3904
7472
8656
2864
8480
1232
800
4832
7888
304
3728
5520
5744
6432
1584
7920
7920
3024
8400
3344
8960
8352
2624
656
4720
9776
5312
8336
8288
6192
6112
7680
1408
6688
9520
5216
4960
6192
4000
4208
544
2208
8448
6512
5728
5280
1632
4480
5600
3088
4816
3680
2128
5600
6960
2832
4816
2512
4000
4640
6608
7216
6720
8864
3568
2608
3488
9872
4528
7520
8880
3296
3008
4448
9584
752
4784
6768
6800
9856
8672
1648
9312
3152
6688
1696
9376
5728
4480
3600
5984
8224
6528
5056
7360
8608
4576
7056
5984
5344
1088
2848
2848
5040
5312
1808
1344
7488
1408
4080
2224
3904
5360
5312
1216
2640
1088
6656
7712
7008
1904
5184
9328
9296
2304
2800
9184
5808
480
1424
3344
6048
256
7584
1072
80
3616
9808
7488
6432
2992
6128
7888
2720
7888
7728
8144
4656
8112
8752
384
4464
5200
3632
9024
5616
6992
6352
4112
9488
1616
2688
7088
64
6160
9952
6768
5200
8080
5376
2304
2128
9712
4160
9104
0
3248
1824
4064
3920
5952
6160
3856
9600
9680
1968
3504
2688
6816
4048
7840
8016
9792
3216
2176
5552
3088
3712
5376
4784
6352
3552
5648
2112
2096
784
7488
5680
6704
7952
7840
5232
6352
2304
8368
9776
2416
8896
3376
7552
1952
8208
9456
2800
2560
7856
5936
4336
9664
7968
384
912
1824
9232
6160
8944
7536
1136
8432
2736
1008
1376
2352
4240
736
7696
6192
4224
5936
8416
1520
2368
7392
5328
9296
7120
6320
9856
3696
8416
5936
8624
3040
64
5088
8624
8048
1376
5232
8512
8096
4848
4560
3328
8288
9584
3504
6640
6192
64
1808
9920
8816
832
6352
7152
800
2144
400
5232
8592
256
3664
9936
7008
9520
6848
2944
7504
5424
5808
4656
6416
8928
4704
48
2592
4640
9312
528
912
1728
2592
1200
9872
3120
5312
8240
5840
4896
3856
5008
304
4432
6128
4704
3616
1248
640
832
8720
7952
9952
9664
6816
3856
7056
6272
6320
3536
9968
7552
6672
9888
8720
6992
9920
6672
2080
7040
8224
96
4976
1904
7968
2880
3472
688
1072
3072
304
4480
6800
176
7056
6160
9312
4368
6176
2224
8144
3392
7344
9792
368
1360
7440
1696
7920
6864
4816
3072
4176
8608
8864
2192
1536
5184
752
4480
6800
3712
2512
8848
5920
6976
5024
2112
1968
3184
5184
704
3472
1888
6288
688
7040
7744
4656
6464
5104
9248
8544
2848
7680
352
7920
4912
224
9936
1344
2000
4528
4736
8320
7296
3008
9136
6384
5392
4880
240
3040
4080
1152
5712
7344
384
944
5328
848
6672
2160
4112
96
6960
6496
4208
4752
8960
9888
3376
2960
1888
6320
7152
7440
2848
8048
6544
2176
6400
6192
2000
4448
4672
2400
2016
2768
3200
1472
2272
5056
1632
9040
9584
7728
8528
9152
9568
9168
9984
8464
2112
2208
9776
2000
9184
8144
9552
6592
8096
6416
9424
2096
2240
9856
2912
608
5504
512
160
3152
5792
6432
7408
6320
5424
1216
4560
3680
4784
2448
7568
9072
400
4208
2368
3424
9856
3280
1408
4720
1696
4640
16
816
6608
4288
3456
7264
7168
48
7920
7104
3616
5600
4192
5776
496
400
608
4416
1632
5984
5424
4192
5872
8512
1712
784
5504
4256
4800
8064
1440
2352
720
8624
2912
1328
6256
7296
2448
3824
9840
752
784
4656
576
8256
6944
8000
8832
3744
4928
5456
2848
1488
608
8912
5488
6208
5888
6864
336
8608
432
4048
3696
9744
4816
6032
3840
6544
352
4256
3456
6752
4496
7456
3360
9888
3104
2720
1392
7824
4464
3936
1424
4976
5984
1008
2352
5696
9728
9824
1104
6336
5056
8176
2176
720
864
752
2864
304
352
9840
8832
8624
3824
3312
1824
1600
4864
4688
4336
3392
3360
4512
6864
6672
9568
1536
2320
1552
6256
1872
4128
3504
2160
4992
5024
4496
8560
672
1008
224
6368
5936
4192
7648
9424
480
5200
5520
5856
9824
3328
960
6416
4656
464
6688
6192
6224
9296
4128
5120
4960
7648
1824
9056
7536
2080
4688
4464
8368
2896
1776
256
9712
6304
8880
5664
9952
9472
8672
9792
7024
2576
4816
304
9040
7360
7120
1536
7856
1168
1728
2112
5040
7040
7904
6432
9200
4544
8880
1280
6432
7376
960
5408
9664
1456
9696
7040
1664
4464
1616
9776
3696
4352
4096
9584
8080
9728
2432
5632
9376
8448
4976
6352
7008
6864
3536
3696
4512
3232
960
3680
7568
5488
9248
8880
368
1568
8048
5648
1008
3056
3008
3552
7600
3648
8896
4672
9680
7952
2272
7904
2240
4368
7984
8832
9952
3472
1424
2464
9808
5760
4224
3648
1680
8224
8640
7904
7536
9536
2848
1472
5136
7408
3680
7680
9280
5360
8720
7856
1472
624
4000
2224
2528
1776
7184
8240
6176
8032
7712
448
8576
3824
1472
5328
7328
2064
688
2992
4512
9616
3872
352
2672
1088
6832
928
7984
5168
3744
5040
32
6288
8800
7296
4832
4592
9872
7664
7712
3504
912
2816
4368
7568
3264
4736
8816
240
1840
1136
8592
5680
2928
5824
3712
7232
9008
2144
3024
112
9280
7984
4672
144
4400
736
6720
3824
4016
5360
5632
3488
3264
8016
7984
1024
2480
9472
3568
1664
9456
864
1696
8400
5600
9024
8464
7472
3776
3840
6592
7040
48
6144
832
5888
6240
912
1552
4368
2720
9616
3552
5808
7632
3792
5920
9296
4320
5024
6112
8800
352
8448
272
9808
5424
5776
5696
1552
3488
160
5504
9600
3088
9392
768
5424
3872
9184
4112
3648
2864
6704
9664
2416
6336
2336
7840
8848
6016
8752
8272
4352
7600
7712
1904
0
2528
6688
8752
6256
1792
7168
9168
1056
1744
2384
5680
4592
2816
7472
5264
7440
4816
4384
2464
2016
2608
2032
1920
1488
4304
3968
1792
1952
6832
7216
6080
7616
4800
8512
9536
3664
5680
2752
3072
1664
3232
8736
8240
1904
1248
6800
8464
9968
4080
2672
1536
7248
4576
3376
768
4272
6784
7312
1728
4992
2944
5984
9152
6544
4000
4144
2880
7168
8880
8368
4128
7312
8256
6944
1136
0
6512
2640
3248
9344
7120
8896
8416
4976
1280
8496
1328
5904
272
1856
8496
3520
1456
2144
3552
576
8096
4176
3728
9824
16
4192
672
3216
8384
5632
80
8272
2496
1216
9120
480
9520
6624
1456
2992
5392
2896
1968
5776
8176
