120
788
706
717
797
146
475
907
122
1007
150
999
143
654
183
475
705
121
383
618
822
138
392
509
766
300
167
386
174
396
770
730
995
452
674
768
426
825
373
720
808
140
990
359
514
875
116
195
28
862
238
174
24
394
341
282
330
145
668
156
251
559
501
222
917
851
695
170
652
44
550
588
96
440
947
969
798
468
250
770
394
536
741
654
755
966
936
61
821
807
146
411
776
377
391
141
474
62
995
102
767
884
538
671
444
409
726
806
147
411
327
541
77
414
911
832
552
686
494
712
121
384
925
369
263
732
510
287
9
844
185
758
704
353
619
900
56
256
705
454
667
8
29
590
618
803
121
878
465
615
858
344
793
957
25
494
4
535
817
1011
669
1002
279
35
375
126
502
705
894
203
773
797
813
941
298
829
304
177
49
863
586
148
519
355
81
544
139
939
969
346
926
773
368
647
808
743
410
306
38
744
509
150
144
720
791
582
525
537
619
839
648
181
37
129
536
44
415
397
492
554
973
434
805
317
718
366
36
920
672
950
640
520
800
496
808
567
54
80
994
565
919
678
746
882
807
766
926
392
369
394
441
318
323
660
389
395
1022
671
499
1011
84
141
533
716
1000
749
920
30
829
950
852
724
241
106
442
1000
211
177
53
444
217
636
237
540
1000
872
145
635
882
354
402
966
874
89
250
126
364
354
868
196
791
16
528
474
453
449
498
360
272
551
220
535
861
567
368
800
356
513
613
526
502
9
556
352
926
718
226
562
411
954
366
178
277
791
728
294
342
230
370
954
42
434
605
903
386
237
103
30
385
716
468
887
317
0
809
609
306
583
510
919
511
148
283
234
939
1011
528
767
444
158
327
402
229
455
501
157
806
967
187
167
659
281
994
705
743
245
290
587
686
224
119
190
9
164
980
76
510
815
842
70
657
879
332
596
714
169
439
133
112
772
724
914
491
991
209
210
812
81
1010
489
804
891
345
211
31
635
737
545
426
555
615
422
337
283
850
27
815
250
864
97
522
927
1011
352
960
196
462
748
248
476
811
556
415
892
345
809
866
58
330
756
774
740
690
437
567
879
614
666
629
613
624
897
516
387
545
572
220
644
848
996
928
752
496
342
404
151
557
462
93
797
69
867
57
759
280
987
410
29
321
219
642
79
709
890
103
860
586
701
480
762
729
213
534
201
469
575
672
936
113
579
315
44
651
105
54
93
956
668
64
635
798
578
673
89
712
570
949
750
247
982
375
48
769
865
871
810
734
519
898
484
74
189
528
447
84
474
847
16
557
783
736
241
324
639
694
636
69
255
1023
178
727
648
894
472
217
741
338
154
236
212
638
714
38
882
630
122
771
571
225
304
812
961
63
112
322
757
385
253
502
640
431
568
1016
561
1008
209
844
41
55
416
853
583
298
209
662
928
32
409
357
257
311
932
830
248
204
508
509
589
255
1011
51
176
469
43
737
934
409
467
49
670
141
220
450
585
958
88
706
34
527
39
223
186
971
607
62
106
91
577
483
346
434
69
170
328
998
567
238
435
924
189
598
241
31
24
680
927
912
362
893
609
764
92
795
313
515
733
207
606
156
327
72
590
628
926
106
602
555
892
530
455
321
104
810
653
896
829
556
240
857
788
849
931
144
404
43
296
695
250
122
539
447
467
51
51
565
716
8
757
584
502
836
924
626
39
271
270
234
285
30
67
975
819
821
268
609
160
28
280
90
94
819
720
373
768
771
575
460
763
716
343
763
496
443
887
489
172
407
255
457
437
473
869
382
270
113
797
914
85
517
824
179
302
520
169
707
394
406
881
655
310
824
31
838
381
168
358
815
212
103
413
649
576
568
96
846
569
131
956
370
275
793
833
577
273
1002
764
667
596
40
959
118
864
34
965
882
890
725
67
678
622
544
632
409
1000
488
437
545
667
1018
175
82
225
347
892
976
699
392
352
764
592
287
882
933
253
823
233
637
98
166
654
887
975
22
752
999
510
859
933
867
171
84
736
54
431
868
369
929
788
17
669
305
754
497
810
523
987
1005
114
61
185
256
826
790
234
950
622
276
272
493
542
101
409
770
518
385
98
137
544
690
904
189
639
634
308
171
111
345
190
799
647
738
332
449
972
926
886
570
287
134
77
195
789
993
59
753
416
867
616
896
491
528
317
257
918
1015
596
217
699
43
805
322
695
911
253
643
211
391
472
948
767
395
905
341
364
60
70
972
97
25
76
799
521
393
992
34
985
460
183
660
417
36
42
88
77
295
70
373
323
622
449
580
797
33
785
798
931
194
746
359
805
459
890
284
852
858
318
891
626
228
793
382
832
751
554
632
205
540
765
528
138
190
84
728
867
