8088
2720
16168
16168
14584
11016
5136
568
4264
5064
5760
10808
8312
7752
9704
15864
6120
760
9008
4944
15408
9216
1864
10088
6336
12712
14736
8560
10744
13472
9968
13728
584
6632
2440
2384
1264
14080
14176
13384
9016
8416
8184
15680
15720
14880
14768
5456
14512
8992
15872
2848
1824
15032
3840
12264
5024
2192
4440
10664
5496
5528
7616
6080
1496
11208
8464
13624
8904
5712
16232
14456
14128
8352
2632
1592
9536
12136
7440
11408
13240
7952
2520
928
9392
10024
5048
1968
7832
15776
8080
2336
10640
464
12640
12136
11672
12600
1488
11800
9496
15048
6512
6848
9368
7240
5256
14256
13784
2184
2848
5744
10528
11016
9712
15248
11728
4664
3104
4288
11936
11184
14432
1296
4736
10296
10840
9056
2304
7032
4472
9192
8408
14344
14040
960
11184
13864
13296
7800
16048
152
3232
10192
10864
3440
11328
1256
1616
14824
5544
6064
6760
7496
11616
5280
13584
776
12608
15888
8576
8248
9088
15784
10176
4952
32
11408
8912
13328
13952
8968
2904
15584
13608
13376
2640
1888
12120
1024
12936
6576
11344
6176
920
6576
11456
14896
9032
8704
14400
14768
15816
7104
2216
9608
13840
14136
14976
4928
416
12544
4040
3320
13344
9176
16072
5680
11064
12432
6312
14512
2624
1272
8336
1312
8928
3512
2800
14808
5192
4784
3192
5368
13672
10584
4240
11128
8048
2832
328
7632
1008
11624
11680
4048
11968
11992
9336
15480
7648
736
13608
6112
536
10824
4800
7992
2048
14384
10360
9536
13992
2832
4168
320
2968
8408
10808
11408
4752
5904
2656
10624
5720
9024
6968
10136
4240
2368
9232
4496
1632
9928
10608
2168
11624
15800
9768
2712
14968
15792
4136
15408
2240
16352
656
15264
8832
4920
3856
12304
11216
15184
14704
10888
9832
5288
4248
2312
13464
2904
9576
15096
3160
15352
15896
1600
448
10256
12072
2256
9664
568
1280
4480
15784
15368
10784
6952
5936
14640
13512
768
15448
12224
6656
8896
15256
2408
9800
11944
11072
16160
5728
2152
1256
11144
3752
14288
5016
7928
12032
1704
9024
5632
9808
6760
9736
4208
13320
3408
14312
16192
13744
1136
12416
4016
6352
13936
9960
232
14392
12128
16376
7720
14280
15136
3032
14344
3344
8336
5888
8688
5952
13248
2664
624
12760
12400
12800
560
576
10728
16360
14712
9592
12440
14040
440
9992
7224
15712
4400
11480
15704
12672
2800
15424
15704
11544
4304
7368
15336
3992
13320
14296
6656
3688
15240
13712
496
14680
1704
11224
1680
13008
4824
11152
1032
12000
4760
8128
4104
752
13032
3424
4464
16224
4384
11240
11704
9080
2224
4024
11296
15152
10272
1568
11464
4968
4240
5416
3656
10440
15736
1976
7064
5472
13128
6424
9856
14488
14552
13960
2648
4792
1392
7112
4952
5776
12256
16112
14856
6352
3752
3560
11264
10256
14392
192
15224
14528
5608
13888
7800
6256
4864
344
11728
14776
10304
5592
12880
4248
3168
10232
544
4560
13264
10888
5656
9136
11008
7184
13208
1624
13152
14440
7752
1240
1752
7864
13288
12136
10360
10504
10504
15224
10848
6240
15544
11616
11832
4344
15864
15000
5496
672
3568
7768
6168
2088
912
4840
9272
12296
12776
3880
2144
4144
3032
15600
12664
64
11352
1912
5816
848
13312
11352
10992
14152
6584
15544
2504
6456
152
13392
5784
3416
4776
384
1328
5688
4848
8440
9776
7928
12712
4072
4312
640
13096
8424
15680
1744
6512
5504
15488
3440
472
9704
1600
8936
8864
4104
13904
7368
15272
3304
5600
10496
2920
12112
11968
7768
4560
5360
160
15496
15096
11840
248
14384
12968
15928
16128
3096
11336
1032
6536
5912
7712
8136
3024
1152
4144
5504
6608
13352
2200
15376
3248
720
2872
15216
8880
14696
12192
7664
2576
5872
3120
13560
12512
6536
14016
4008
3440
7808
5040
12896
13720
3632
11624
5688
11600
7872
11192
1824
4840
13392
13160
8296
12672
352
9464
3792
2040
11504
5320
11768
15392
2200
7440
4864
3944
6576
8872
9000
15152
2472
12488
14952
10280
8264
7120
5888
392
14456
7712
4448
15320
10936
12928
5168
11288
3464
1376
3056
1416
6696
1560
15960
7096
7384
11552
5344
2816
2680
2040
4048
4760
10840
3008
10864
13808
12272
11408
2184
10736
13256
6632
11800
2320
13208
15800
9360
7032
14032
10080
5616
9048
8128
10800
14432
15512
10416
7296
12696
7736
10736
8128
13408
104
11136
8888
13704
7024
12472
4864
15008
7040
4888
13568
11272
1320
2232
1912
10672
16264
4392
11328
6824
12648
15856
4872
2472
5440
13568
15168
13696
7920
7040
5664
8568
4096
1832
11248
4872
2472
16112
12888
9512
11224
6312
1760
6480
8232
12712
15616
8032
15272
10952
14856
2624
4904
2952
11288
9952
136
12896
9120
8056
10528
1600
15872
6040
13344
4624
5472
15816
4896
14408
7440
6328
12440
7576
16144
12096
12480
528
3744
5016
5960
1824
13600
10472
11608
14072
12344
4912
10584
11304
3416
448
3480
12456
5592
440
15688
16264
128
10792
14528
9208
736
14296
400
976
14184
4304
15544
15232
9712
5120
2976
12496
792
7752
6200
3248
12664
11608
1832
7136
11160
5704
5320
368
10240
10368
488
6408
11608
15016
15616
5512
328
368
6880
1872
12448
8664
15664
2736
2600
14128
9760
12600
6376
12432
536
6288
8728
13624
15536
13952
7920
4472
2800
14608
5896
13096
11752
5712
1920
12520
16192
14136
12888
9312
16368
7824
1592
736
11296
15376
1128
1144
11592
11136
13576
5720
648
4848
7904
16184
7280
560
12504
10080
1216
14368
3016
3808
13080
1096
7672
13272
760
4824
3960
15640
13384
14016
8
8296
3376
15248
9440
8560
4504
9752
14280
12528
4904
10008
12328
14008
9448
176
12456
10664
13800
9440
9528
15664
7952
1208
12552
7672
12768
128
6928
15768
13888
6920
8912
5872
6176
1576
14432
10680
8176
12328
14536
13472
14064
14176
11096
7128
13608
968
15368
11024
10408
8512
11744
14408
6664
15576
10688
10280
936
12624
5488
12952
3552
3032
7080
9728
4608
7744
12360
12816
3688
14208
15728
9984
12000
12144
15656
7160
5208
14640
3864
15616
9224
15608
816
496
1584
4880
6992
2520
1512
12480
5952
11320
9448
15648
1592
4840
7008
2432
7584
10696
4608
6928
712
7392
11168
376
160
16376
1368
3704
1168
10592
2536
352
6680
952
11152
13672
1960
6744
6616
8472
11808
13160
9208
10216
8320
2200
12648
15904
8888
15512
10328
9600
10256
15544
6408
10416
440
7384
6712
728
14792
12208
1080
5088
3616
10072
2376
10808
2936
3848
13488
8872
624
11712
13288
7440
13912
15744
8312
5024
15760
2256
4968
5504
14968
1440
11472
976
7560
4760
14680
10024
16192
13600
4936
12960
6896
14216
9000
9832
10368
10280
15424
6640
5608
14248
800
2744
14496
9112
7768
2512
11368
2800
2992
3208
3848
14464
14152
12672
13544
16248
6312
13352
13736
5528
392
4248
3360
6992
2304
13728
15888
14648
7088
6104
3872
7888
8848
10624
1008
160
8112
4008
2640
11104
9168
9896
7200
9056
14000
11632
9192
8696
14664
6544
13216
2504
5984
192
4488
8096
2464
4984
10024
11760
10696
14288
3480
13224
3664
13912
13384
12328
6480
5248
15160
13304
11736
8816
5976
2264
2816
1216
6040
1096
5328
9208
1408
656
7760
2688
7048
11088
7672
2976
6072
1984
15504
9552
4752
11448
12024
7752
15504
14264
13000
14280
960
7960
5464
5016
5696
8104
12584
11736
8984
8736
12216
8808
8304
12792
6120
15128
8888
1160
4624
2816
13240
10880
6736
8488
10440
2376
1128
11320
4104
11872
2568
13240
3448
8352
7768
7632
464
11568
4104
7864
3920
8112
288
11608
4680
6800
10352
4600
5640
5728
7416
2496
16216
1072
11376
10608
1304
12504
5936
5408
632
13016
8160
2424
4664
456
11176
12184
5272
15280
3664
14640
6776
4344
9864
11456
5240
12552
6856
15984
7216
15432
2896
7384
2024
14272
1608
15664
5992
7544
12088
11416
5472
12456
7392
9744
4384
2184
2440
9656
1080
6496
11400
7856
5544
14848
13848
5600
14480
9392
6000
11072
8440
8896
3688
6416
7176
2080
11080
1184
10528
6784
12600
16000
10712
5208
7024
15096
3024
9856
8368
14048
32
12608
10864
5576
5312
8328
24
12976
672
6024
7664
7272
14920
5032
1248
10672
13040
12328
9096
7184
13656
3504
6800
2944
7280
616
4232
12128
10472
4136
1920
10440
8472
9336
11520
13616
1280
11496
640
608
10912
6632
8272
9448
1600
9520
832
14640
10920
9928
5440
8192
6424
4536
11136
2680
5152
15368
1184
760
5152
3104
6704
13456
10152
1840
10688
8480
13336
5056
7872
2424
4696
400
9360
3488
6464
6192
11152
15384
3736
16200
7192
9768
11664
12440
7088
6512
13456
8272
9112
2616
5400
2408
16072
4752
568
6008
13232
12768
5320
12056
1192
5976
12456
8216
2488
6384
1584
13640
5384
5320
2928
3416
1296
8736
9024
10984
15248
6488
13672
10248
9104
8272
12656
7592
12632
13224
2784
6904
456
8280
13808
1648
2128
960
6128
360
10960
8672
2776
10808
13032
10680
8992
11344
13744
424
360
14880
6912
14032
9136
368
5528
10976
8424
14608
13744
5176
11256
13288
2928
8288
5136
5448
9248
992
5088
3824
8704
7864
6984
11032
2424
14768
16072
11320
15192
15712
9816
5720
14312
13816
11032
12928
8368
2608
5232
5376
7784
16280
2280
4856
8392
2856
15792
1256
14520
10312
5080
6840
13936
14088
11800
11512
15704
4272
9936
512
3992
16112
11176
10320
2840
5824
2608
5176
7952
2624
5832
16216
2728
3944
4688
10728
6800
12680
4400
7328
2368
288
2216
80
14376
6800
4560
2688
11464
1888
2176
928
2160
9000
11248
10992
1560
8640
216
6872
5120
9944
6704
2392
6000
4992
8336
800
15096
3544
6528
3656
3832
12464
12416
1824
13504
592
15520
2040
15088
3040
2968
3848
10424
2168
9240
11984
6472
9456
5112
15032
15896
14792
1432
9896
3400
6904
11088
5080
10448
11824
8736
2104
640
3680
16104
12472
12112
15240
1872
13800
12200
704
15120
1776
14920
5880
10208
4616
3576
1064
5968
3480
2656
11848
13376
1136
11048
8080
6216
11272
13032
14952
2616
13672
11664
2336
15184
8992
800
3464
11576
13000
13624
6072
14384
12160
192
4176
392
12224
11536
10416
7640
8880
5880
4632
10016
11216
13104
16232
9888
9752
1192
3880
7040
5912
1544
8632
1480
15640
12096
6680
4520
1528
3632
9864
13688
3048
14040
2696
15272
13880
13112
7632
6768
13776
3000
400
2168
10104
15744
4328
12912
552
8176
10904
6464
6632
3152
11400
10888
15248
1696
976
2664
1544
10840
16352
4592
8496
13656
12904
10608
15840
11112
12544
13928
14112
3440
16096
12768
13584
4616
144
3352
3560
5624
6568
6192
2472
1976
15688
3608
12712
280
6272
14256
5264
10536
13920
13544
3120
10440
13448
3272
15712
904
816
1992
12040
15856
14760
6752
4088
14616
6280
15856
7000
3144
6720
9472
15216
8576
3696
13880
7528
13808
5024
3200
8424
2560
6040
5232
2992
3104
1960
12720
12376
1144
14712
8352
15768
3296
1280
4704
4672
7952
11152
4712
4808
11952
4760
3640
3376
15320
6144
11296
13136
11168
8096
11672
2264
2056
9944
11128
1048
4480
7464
5056
3336
10200
13408
13664
2888
11736
1984
1784
12600
7216
13456
1024
3176
1440
11720
6552
2504
5576
14920
10632
5984
6824
15736
12664
11616
7088
1536
5816
5208
5928
10872
1872
4272
8880
456
992
2856
14856
13608
6640
9136
544
10768
4072
896
15432
13904
3400
6528
12048
8760
544
2488
6976
13208
6864
112
1640
3704
5096
8424
6776
7360
3688
2104
9480
2696
752
7952
312
7392
1184
856
13008
2888
16344
13960
16
3440
4104
4320
12200
4256
14552
5224
15304
11352
4944
15432
15448
16232
8912
8672
7512
3784
10776
14416
696
10024
9528
384
13752
8344
472
10376
10840
432
7952
5528
13376
4328
9848
14816
72
11680
3656
15768
9344
7784
16048
10280
8056
9248
14776
544
10920
7216
2120
11616
2808
11648
12000
5440
3608
11528
4936
1936
5288
3496
7464
2672
8560
15456
4240
8096
3384
15800
8712
3656
7624
8376
9760
15680
872
8232
16224
10048
936
14424
4888
12640
2776
15880
7200
15944
11640
4248
1496
10032
8640
7032
3680
15568
6104
15824
8912
6896
1536
1240
5832
10296
6768
3928
5384
7640
4304
11160
14368
3368
6792
6904
376
12368
7408
9560
4456
2664
13808
13816
7760
11216
9600
12304
4744
680
11352
4168
8416
9816
5016
14248
480
14632
6456
4904
9784
14232
10128
8616
824
536
864
448
4160
9840
6880
8616
7568
6928
11184
15328
12488
4400
3024
848
13056
8328
13064
4640
1760
8336
9608
1280
6192
3152
10200
12792
608
464
11360
14952
16312
4160
14504
4232
5680
8760
3928
3136
14944
9128
4192
11048
11264
15608
4488
14592
9104
7808
6432
10472
15752
3176
4632
10824
5936
1160
14416
9840
696
9392
7976
768
5232
9856
4608
5472
1840
680
8168
3280
7936
12408
7768
2816
3200
13104
1024
5512
11856
10976
15984
3896
2624
11352
9456
13072
3872
11424
9856
3176
14352
14936
2800
13184
11304
1808
14504
3240
13896
6288
16344
5960
10264
7728
12848
13856
5376
2512
8344
6872
8072
7640
2976
10936
13776
6088
7624
14728
1128
2232
11552
13616
3680
8752
15952
14984
5824
1448
5032
13048
11544
4992
6696
15496
3272
3160
12968
7736
648
4928
1776
8720
13672
1592
2216
11064
11888
6544
3664
10760
7608
1560
7992
3928
9192
7568
5720
15408
9016
10752
14024
3784
15744
4336
4672
3912
7496
8088
4216
7752
13224
13944
88
10512
4032
13864
11192
15920
12360
14464
10688
12408
3480
14088
7904
12672
11112
13624
11696
2488
7992
14448
1296
8640
6272
10416
12552
13376
2328
8336
11640
832
10880
4832
9680
14912
2312
1512
1544
5944
408
9144
1968
3888
4944
10448
15816
6560
12816
4120
9048
11560
10328
8632
13464
11936
14600
7144
7456
4112
15192
13672
13104
9688
2120
3424
7776
12344
4936
9320
6400
4136
176
11952
16136
11264
10368
16064
14944
13936
3408
5896
9504
9464
1856
3960
11368
3640
3184
13944
7752
2384
5152
5352
4312
12960
8776
4296
616
3064
5024
5784
1072
5200
6168
15064
6456
12184
15776
8488
2144
4016
2392
11648
2904
4248
7688
1720
8104
5120
720
352
2736
6264
11072
9336
9688
2296
2360
7312
5360
7384
1528
4288
4192
7696
3360
10648
3496
2752
14224
1352
15120
11832
6088
1640
9192
1992
16304
15296
3128
1032
15648
5864
9088
11808
12912
15784
14496
15272
6712
3472
10504
8240
8232
1688
448
11512
7424
3048
2120
5264
12376
3384
320
6288
14640
8872
8280
14952
9960
11232
15984
5688
15672
6896
9872
3152
8888
11760
12120
784
8288
14768
7456
136
3304
7008
5008
10728
6328
9256
784
14064
10512
464
7384
11864
9336
15488
13296
2912
9944
2688
2776
10656
9584
3736
8880
15688
8024
2848
1480
464
11920
5976
16056
7376
12984
4288
1720
9728
11416
936
3944
5152
15912
5056
632
8864
10432
2456
4608
3992
11240
9392
14256
1656
3256
5376
960
5496
8160
15864
10424
12296
5456
10096
13096
14328
2000
5008
7672
7360
5552
12656
2208
6024
8784
14808
3232
15128
4032
1376
5248
7208
8016
13264
8864
11232
8104
9824
10648
56
7080
16160
12240
1624
9872
15528
15952
8904
3760
9144
120
9312
5024
14296
1048
12624
3664
12104
13880
7696
3296
2352
488
5072
5472
8008
80
2808
14568
10728
3256
11120
10952
7400
9496
14912
8648
6456
6008
11496
13696
10256
11960
7712
4040
3376
3560
16008
15088
15328
9064
4592
3408
8576
480
7896
568
8
5680
14000
5664
13960
2880
10704
5368
9768
9232
14016
16224
15240
2520
13536
4984
1904
6216
9024
5280
13728
9400
12400
14784
2080
608
1416
5728
15864
6480
5160
512
15584
13608
11232
15152
10728
528
4136
960
8704
14616
1120
7560
12096
12416
3840
2384
2248
5184
2896
4904
14584
6488
9488
16104
10504
10904
10936
5360
4424
5776
11536
3624
13384
9608
4856
2656
9080
720
14688
1008
15336
15808
7816
5336
13384
4336
8664
15632
9520
11168
4544
9056
1272
11440
7608
7152
15848
14616
12120
3888
8840
584
8872
10152
6192
11976
7496
13888
12696
5408
12880
5128
11552
12072
5920
8552
16360
2192
8192
9152
8976
12736
16288
10248
8592
7704
15368
8056
6912
13136
4440
240
13328
13312
5992
9248
1336
14880
6752
10968
9472
13136
10544
5032
7952
11760
2800
7928
9568
10992
1224
2160
14640
1320
3976
6848
8632
13032
1480
1720
6600
5920
14424
6728
13144
4032
13472
11808
13464
9664
6392
3992
3080
12232
1040
11512
9168
15016
12800
15984
12360
4416
2168
10224
5736
1808
15696
2016
11224
1184
15696
4232
9280
1272
10960
10344
3152
8048
15312
6072
14376
7464
14304
1072
2920
3512
12584
10136
2144
16168
5848
10216
4200
3680
12328
6840
5880
12032
7528
11040
13216
9544
9576
12448
8664
3760
14672
4568
4576
13600
14880
6584
6136
3584
10872
13168
7096
7072
6920
9240
9920
680
584
5720
13384
4640
3824
7504
7392
5424
12456
12160
1416
5648
8552
9136
6976
9544
2680
4440
4056
12200
14240
10192
8160
8336
13800
1128
976
9504
7880
5488
10184
8464
15760
9592
13104
13184
2088
5320
2224
10368
15288
15184
15624
8928
7936
7736
2088
4864
13088
14416
680
10552
12552
7480
13880
9968
9640
14856
464
15248
9760
9328
6784
6000
264
6320
7184
2352
11640
9800
8760
12344
11000
6864
4888
3064
15512
9800
1800
11824
4616
2088
10392
8448
10992
7888
1520
12136
10024
2376
5384
264
9432
14984
6264
9696
11856
15072
12048
16168
11112
11960
12128
10656
13944
240
7592
15208
6824
9000
13000
4944
5296
2608
13272
5696
11104
14792
6832
4744
15600
14936
11768
6168
3240
5504
3528
1288
9568
416
1072
1544
4008
12808
9112
1960
3336
72
15600
3488
8928
4168
1456
3632
14824
14728
9328
9544
2856
2496
2096
14312
15728
2520
7848
13800
13008
4320
1296
10192
11648
16160
12128
336
3800
3016
14760
7136
3088
13976
3648
5840
9808
5496
9472
8248
3840
14360
14976
15400
4520
15696
15688
11208
14944
8544
2592
14448
12864
15088
12128
15560
15704
8512
1160
13264
5104
15920
5736
2016
2872
14296
8920
6936
3408
552
15184
8744
13808
208
7760
6704
15904
8456
4504
960
616
2304
15408
3296
1008
2888
2472
328
4984
15072
12544
120
14608
1896
1744
11736
3984
9208
2288
16200
9760
15296
8928
11944
1296
304
2264
816
8016
14144
15000
8984
11840
15976
10696
10440
3296
13168
6272
2080
14480
10112
1960
128
8168
16168
4520
11760
7392
14152
11944
14408
15240
4488
13920
152
11592
200
15808
13160
13944
1960
11016
7376
2368
5328
13320
5272
13880
13176
3192
600
2672
15152
15520
5544
624
5384
6216
6768
8008
1776
4792
9152
10120
7256
9392
5720
7456
7568
7440
10288
6856
3576
15104
4488
7088
1784
15600
11800
14960
3976
3984
1248
11568
3120
4688
5440
13728
14856
15056
10664
2912
6512
3432
9176
13768
12824
12928
11152
11128
10504
864
12112
9456
416
15776
14016
15016
176
14168
16328
3760
5808
800
8576
7456
12496
2368
10112
14024
3696
4392
552
10208
8168
7048
8400
11728
3592
13216
6080
9472
4032
6032
2936
12768
9744
5304
11400
6856
3480
4928
3096
2328
10656
5480
11256
14544
3112
752
912
584
3640
16024
11184
4528
7408
2784
520
4992
16000
10824
11904
11968
15912
7416
8352
7504
13112
3368
2024
208
14824
15312
14264
6896
4408
3008
8736
7520
2256
7824
6936
6288
7072
4248
14624
16048
7032
2280
11728
6648
3280
216
2232
13968
8752
5800
11296
12024
2432
3064
4568
12784
4136
13936
10496
16112
10536
13536
7792
8280
6104
1656
14392
15416
6296
16224
632
13328
13944
11488
12400
15936
11704
6216
2864
13432
15576
2224
8680
1624
11096
12272
5224
6960
1272
664
7232
11808
14592
1360
12680
12072
13368
11080
13040
7072
11240
13672
6648
13680
2184
5752
3152
9520
464
10368
12864
15112
12592
12200
40
14888
16312
5184
10920
1200
4128
3688
3376
10464
11336
16320
14776
8456
11144
14648
15000
6000
4448
8352
3296
2656
14104
15848
12176
13248
5480
8656
4408
8880
3544
11936
7384
3080
16040
3928
12104
11912
7616
512
5992
3328
15936
4384
5128
10696
10264
9872
312
10568
1448
3608
13224
15552
12240
9408
3968
944
1680
7616
6560
14912
13216
824
4552
3512
13280
7552
7984
11112
9344
1992
8600
9792
13992
12912
15480
7872
13344
15168
3088
14792
5216
72
2816
7024
7048
9600
7968
11408
832
1408
9936
12776
1840
5384
7120
15120
3448
1672
4008
3984
320
12608
10576
13920
16080
4512
5408
12648
3296
2320
5328
14464
14384
8240
4712
7336
1064
3704
14024
14488
2688
4088
10880
848
1296
12232
14272
1760
10560
14880
2224
5504
2272
12800
7968
13416
8288
13432
6704
5384
15752
4352
9080
15016
12200
13792
10024
3120
6688
8720
1224
9376
5024
12496
10224
6320
264
4048
4560
10296
10832
6784
11592
2888
12792
3568
80
4504
6520
9600
15504
7152
13952
7808
6176
6616
11168
3848
9736
1472
4872
11352
5536
9896
8920
11696
224
8656
15352
4784
13816
11864
4424
9024
7408
15552
3792
9056
5336
13656
544
4064
6112
2280
4512
64
7488
704
12600
13744
1160
1088
2392
4376
11376
11312
15680
4784
12800
14648
0
10232
2784
4424
13512
6584
5256
15856
15640
10200
2200
15488
14264
12472
15000
9752
3848
10280
10456
7632
3464
7088
10232
5856
13280
11160
15600
12576
440
12016
5544
440
10520
13624
3592
7256
9344
8848
8600
7392
2664
10800
8288
15840
9104
6904
6088
3432
13008
3976
12576
16080
13272
9960
10832
10168
11648
5944
10024
4296
10312
15568
3856
4056
2336
7448
5072
4704
15904
13672
4288
14200
8296
12384
14048
15368
10904
3752
13576
7136
16160
15384
9552
13104
10960
12384
6888
15696
14440
12856
12776
4520
2712
8920
15920
11336
14520
10848
736
2344
13560
5024
16224
10912
14968
2176
6096
6896
1968
13096
16144
1744
12096
9312
5024
15248
13704
1472
14560
11760
14328
14600
104
11616
7136
360
10208
9000
5896
5440
5040
7664
416
11896
3640
15384
9720
13928
8096
11688
10640
8048
13824
10032
15016
13920
8896
1312
992
9312
10448
13336
8856
5648
8176
1720
5288
2032
7672
15384
3408
13752
6664
3824
14528
13360
13952
8256
10904
5856
3560
11224
13904
1000
11512
1112
12528
13768
13960
4848
11928
8416
8288
13312
13616
16272
14640
2520
2144
9416
14864
1264
4336
8592
11296
5800
5568
7520
13928
480
1664
10368
5640
3752
7408
1160
4864
11264
3776
6896
16112
288
1520
8368
13600
4288
8256
11856
14616
6112
2440
640
9008
10000
7152
12072
4200
1584
13176
9728
15280
11904
3712
4928
8152
3696
10296
13096
14960
9864
3608
1304
6808
2088
9672
12752
2200
15232
15488
4360
7264
15232
5000
14248
7536
2152
9936
3336
3736
3240
13064
4448
15144
392
480
6912
12688
9816
5792
2272
16336
6984
968
6368
5288
8312
10000
7488
9464
9104
11848
16040
6128
464
1792
1408
14696
8144
4744
11352
4512
1424
9480
5752
14960
7384
14832
14112
2432
12144
4544
2384
13640
5904
7632
8352
2408
14016
472
4512
11080
5008
4168
11432
12232
6352
10416
5840
14592
10712
10872
6304
4640
3968
4720
3216
12968
6272
5488
984
14352
10032
15376
4776
448
6624
3184
13528
11736
3656
1656
6432
7720
10168
11384
12816
12568
968
14504
10776
5096
3632
11520
6648
16328
9584
3432
3472
15856
2056
11536
14880
12088
12544
6280
4352
10464
13288
9176
15112
15824
5160
7704
8832
1056
2312
11120
13624
13104
7144
8368
1816
3120
12880
4832
13320
10304
8264
408
10832
6208
11128
9328
6272
9096
2656
1920
3568
15944
11096
14088
272
10448
5016
8560
6992
9056
2560
12152
5776
12192
12640
8400
7312
7248
3152
10376
15608
11664
6416
4776
10928
4320
4160
11728
4776
6816
13648
8344
6376
7632
5352
6104
1696
10368
14664
10696
1312
11712
9920
11920
15904
6176
3936
6832
680
392
15560
14928
11272
10792
3320
344
1272
15544
12464
6440
8728
6656
1600
13640
2096
6952
13024
15592
15448
1248
9904
14136
12960
16368
13776
3904
6584
15056
2928
10480
14664
12632
11936
9552
1840
7768
10288
3504
7320
10016
6440
16048
16096
8040
13976
14184
1784
15824
13392
848
1808
6912
15376
1616
6896
1600
10864
312
16112
13792
5592
1056
15224
10040
8496
680
14568
13984
4184
7248
8768
14128
8800
7512
9904
11600
11072
8120
11040
2320
9112
7152
9232
8104
5536
256
6680
16
16048
10368
2576
5928
7072
1416
24
1424
2096
1792
12168
9712
10928
12984
11968
3344
10912
5488
14944
16224
2776
9600
2160
12280
2448
11392
12384
13296
10744
14096
3104
10408
8080
528
11904
1008
15496
4504
2432
3376
13672
6648
6336
8216
3640
1920
4432
7272
9368
10512
6720
4240
4120
8880
8344
9816
12888
3952
12512
2144
10144
768
8264
1840
15752
12744
13536
14864
472
11104
4896
3184
12320
1440
5424
15960
2968
15392
8688
9984
11504
1968
14224
15624
6520
5792
10184
10016
6640
10072
8512
400
5544
16136
14144
11472
12496
5088
13384
12968
10368
1896
15760
6304
15536
10336
5880
2120
9344
1424
12104
14224
15840
6440
1792
10408
15736
7992
392
9096
14704
8904
7688
12520
9152
6456
8384
2952
1368
11384
464
9392
9488
15296
15696
8640
9248
10800
5624
14176
4160
6480
16040
11680
16032
2136
15504
1000
10128
488
8680
4576
8808
16368
8440
1576
10304
15944
1376
7448
11824
15864
14440
11848
15816
1648
13176
8096
9152
9224
10496
4992
13640
6232
288
13288
8368
1168
4488
2112
15120
13168
13920
7544
3232
10512
9120
9312
10952
8136
16368
10384
7616
14424
10536
8184
12776
7328
104
10840
14488
10208
10536
11352
12408
5952
8128
11600
4784
12616
6896
12864
6984
4824
5320
6560
5688
4192
13632
16128
4056
2736
6256
3560
16000
408
11744
3224
9040
4352
14456
5448
14560
3920
15968
14232
9872
8280
13752
1336
12048
6464
2184
14128
1640
13640
12080
7328
1448
14832
8800
2608
15592
13448
952
1176
2528
12696
14336
4816
8344
120
6512
6216
4432
10288
7976
2080
14200
5344
12968
13840
4576
15544
288
2936
12800
11792
11992
2136
6144
4800
11640
11032
8648
3792
4176
10264
7480
6616
10544
15128
6736
12352
4960
11168
14320
3448
6904
272
1504
10320
13568
3072
5224
3104
9984
1640
8688
14376
496
13840
9576
11144
13184
1840
9032
7376
7568
16120
13992
1728
1520
11648
5760
3440
480
12688
400
7384
12960
1104
928
15776
1968
12088
2496
8016
10056
10192
5616
10552
8040
1192
984
11240
256
8048
14152
7824
8600
16152
6832
10120
11416
15312
7072
4488
13760
7472
2504
5656
6368
12952
6264
8336
15520
13008
712
9192
6816
4904
13416
1528
12672
14400
9712
12416
6352
4048
11792
1040
3816
4960
7304
1152
3888
16152
5640
6120
7240
3136
4608
2776
296
14728
5952
15424
11352
9720
8152
14208
1760
11200
15736
1952
3200
5632
5528
9944
6704
15448
7480
13496
10880
14784
12344
9392
14624
9680
15512
9000
13208
5480
6616
3472
4216
12568
13872
816
13536
10352
1360
4608
11216
13984
13728
1576
3232
2872
8368
12912
3416
15496
10024
7464
13896
10400
1928
12136
12688
664
13640
15864
11568
3872
2560
7352
56
11312
7776
2904
960
6416
7512
3816
4016
10168
10992
9136
7688
2976
12608
12112
12520
13800
11736
10032
12984
6576
10992
15696
7240
8248
15176
14352
12120
15032
7000
4208
6032
776
1304
5072
6800
6208
7496
5568
16376
2104
1288
7680
5080
5064
11952
8944
14296
7304
15688
5488
1120
10296
11584
6120
2160
3200
8232
2104
4552
15624
10072
10584
14848
7616
1120
8336
1408
7768
2376
14968
11112
3664
6656
16192
7656
14160
7240
10816
6464
7936
472
11040
2360
12056
4920
4520
7528
13544
2416
11688
3600
12488
10496
5136
11512
4768
3304
12920
4240
928
14336
15352
2736
8704
1224
11464
5064
8464
5504
11528
16
5032
488
14040
7024
11952
6864
16272
14792
9280
11800
2008
5384
15080
9632
10256
10704
12936
2664
14944
13864
224
2472
5256
7904
3696
336
3416
4616
10544
8112
11784
5512
8600
7336
12928
12608
14200
12816
14200
7488
1016
3800
3512
288
10552
9248
5968
14000
11912
7408
16248
4248
9880
5392
3264
13184
10656
16232
8568
11176
7568
3968
5664
16168
3368
7264
12824
14808
3696
11032
7320
11672
7232
10832
4816
3320
12688
1152
936
15216
8168
1072
10968
14720
6464
14232
1536
12192
2696
7032
9400
4872
10608
12256
4656
7240
4992
7824
10720
15480
3208
3400
12576
5944
7040
8624
7120
10736
8520
6184
9568
16080
11272
3760
1968
15032
14776
40
2840
1088
7072
3752
12600
15088
376
8048
8144
11768
15872
2576
5520
3720
6368
15064
2224
672
9080
11488
11408
15168
11080
4200
1520
16192
8424
13288
14840
6816
3136
15088
8088
6176
13928
11872
11112
2080
3536
2872
6304
13360
296
4560
696
6072
13144
14856
10984
10936
3368
5616
9720
14448
6568
7792
14256
14992
5496
3672
10960
14024
14400
2664
8536
11944
2240
2576
6128
15088
5448
12432
12456
11032
7872
3232
720
12144
4368
6512
9688
1000
15488
32
13840
8920
7760
11712
6072
14120
7952
11496
96
9936
7160
9024
2008
11464
6448
4120
10168
14992
168
10144
12424
8736
12984
13144
11888
15416
3272
11192
14416
12216
11224
4512
4752
3856
8792
1320
1592
16024
13208
2080
10296
10336
11104
8096
15256
15216
4368
5088
13824
12184
1544
1400
3448
11440
4248
1048
3976
15408
12240
14376
3584
7472
14272
1168
5056
10904
15840
3464
11264
2632
1384
5176
12968
9720
13464
4544
5104
9096
15840
2544
11880
15384
12832
8432
5944
8584
9872
6464
7608
10656
4064
11192
13200
10208
5968
8240
696
5424
5072
11960
8328
12696
752
4640
2584
14216
16288
7688
6536
15744
6152
5344
15632
2600
13776
6696
11184
7264
624
13584
13384
3440
2392
10200
9616
8360
14032
10312
13784
8960
5888
5456
5272
9744
10096
8528
11912
6192
840
11008
5944
7384
5664
6696
9984
8504
2992
11208
616
2368
8408
3616
5808
5584
9408
960
14000
9328
7032
16168
368
15240
4848
4904
10888
14944
4016
6808
8360
4856
12184
13968
4144
9472
4280
6232
968
15096
4976
14800
688
3000
4808
9888
7800
14216
11240
6200
4888
14496
9576
11864
12960
14424
9424
14312
3400
10976
4736
11424
16224
15456
9008
4304
7840
3096
14456
6872
1416
3048
11096
14280
16336
15904
7784
7456
2648
13744
1256
14144
4920
10832
9624
8344
7512
592
6272
5080
11568
11400
10040
4976
4056
15744
8888
3784
12648
9424
5728
5152
6768
15944
9128
6720
432
920
15648
3080
12824
14784
15152
8480
12432
5528
440
11856
4936
7104
6776
7024
14264
13120
14336
1936
12480
9544
14536
7248
13408
3880
3984
6640
12064
13504
80
12496
1960
16120
416
14784
14520
816
5912
2088
4712
10912
13944
9256
1632
4336
2232
3752
1464
16200
14568
2440
6632
12720
6696
12728
16168
11072
10296
12240
8192
10216
8032
6232
10480
7936
7832
4040
8752
14464
6520
4432
13224
4080
11560
1528
7576
9328
13768
10272
9144
4432
8552
2512
8488
1464
15240
8272
9608
11440
12256
1416
4880
12872
7648
1024
11960
15480
5456
2816
1408
4408
1616
14632
328
13176
13104
7904
10264
664
14016
1120
12224
10592
14600
3736
9128
640
4536
2352
10408
7328
3768
1096
5544
4968
14264
6416
10512
7576
9232
4464
13216
7616
10168
3232
5560
7280
11712
4704
9768
1912
5432
5608
8680
3648
7040
14960
3008
4416
12608
13416
11744
7544
4064
6200
2576
9808
3768
13088
2232
5072
9016
15056
12688
2800
4560
9648
10080
16272
4944
15680
2024
488
11480
6656
4136
13856
8304
9632
14496
4528
12600
13632
13368
672
3448
10792
7248
16064
2688
11368
4752
11704
6344
15720
1880
10904
7400
7792
5200
2456
9296
9160
13832
11992
176
6688
9464
7904
2944
5032
12616
15936
7784
9600
16160
12048
3616
8912
5048
928
12488
16088
10776
13544
16016
7488
13744
7768
1104
7840
9832
5984
1712
12384
1200
14848
2688
5720
6944
648
11144
3176
200
2544
4000
15960
9112
16000
7896
4064
15840
12384
3768
6152
6840
12640
2744
4592
4872
12144
13136
4960
1744
14848
960
13440
0
13128
13216
6552
13776
2072
6656
2408
15912
10656
14400
8640
5344
10472
12704
10496
9912
304
12040
15624
3440
7480
5352
14952
11720
2104
3136
6408
960
12288
8960
15424
7352
10592
5592
9960
8520
14928
4016
7392
4272
14352
744
9224
7944
11960
1272
14520
4728
10376
2624
15096
13488
7976
13272
8824
10080
24
13968
5344
4120
9840
3992
5304
12336
6800
4656
3816
8128
16136
10816
12008
14600
6312
11536
10120
5648
3576
4400
15856
2432
14608
760
464
6200
12512
8024
104
3848
11168
11328
120
11760
9048
5424
9064
14136
768
5248
9984
520
5568
10776
2696
15640
10456
12816
4512
2352
7968
5040
11208
9744
4280
4712
12840
16
2920
3648
12552
8248
7680
12432
3512
15016
9376
5552
13160
10536
11192
13208
11056
5624
13952
13752
9624
3496
10184
14136
5848
2216
13592
11024
8856
7072
16128
11072
9296
13208
2056
13520
5072
6648
1088
1560
7624
10856
7504
5536
5008
2312
7672
16064
7936
6280
13824
14696
9776
8760
15824
760
10232
2232
5728
2704
8912
10400
7976
384
9160
10464
2480
4088
12568
1000
2528
3808
6528
11408
14656
1520
7288
5944
14544
15616
336
4400
2456
10112
3616
14880
9744
13848
12648
4016
16216
3736
1968
8576
4512
5256
13728
14352
1168
9520
1032
1360
3056
10888
12376
5176
7016
5088
15616
8464
10528
16344
3520
7920
6312
7136
6960
3432
11784
3224
7448
5160
7352
10904
2648
4520
5648
15984
2488
4480
7264
15320
5448
10320
9824
1440
888
13184
9856
15120
5264
11992
15080
1744
3528
8768
5784
12952
12592
10384
6656
12728
840
14008
9528
13288
9488
3880
2696
8992
16176
11816
10056
5656
14888
16152
9288
1992
13416
13624
3256
2296
7152
11824
12736
12760
12176
14248
9328
15968
3864
2280
11920
12072
11728
2392
7408
5224
1488
6280
12616
1280
10848
13824
4376
9352
14056
4912
7360
10696
8320
4104
3392
15216
15928
256
2848
12240
1880
9904
11824
14792
8760
9024
10480
13024
6632
3072
7800
8512
9352
11568
9792
3816
9008
5808
3216
6680
10720
11848
992
2400
7744
2792
14760
8576
13848
4472
3664
4808
14376
15488
13168
10376
6072
13696
7016
15824
384
14816
9072
9736
10000
2872
2832
13760
7704
10336
7080
13368
14872
9904
5808
8864
7112
7432
16096
4576
11904
3952
232
6488
13328
12936
15904
7256
15624
8888
8208
15240
5928
896
10880
456
12616
8336
2168
12448
2392
11080
15856
880
4600
5280
8400
11712
3672
8112
96
8152
4160
15664
1744
14888
12216
14728
8752
5320
5840
576
6464
5008
14520
1352
10920
5632
9400
3688
2088
4592
7392
14824
13064
4392
9544
5080
7320
3168
2800
9160
11400
1360
6504
3240
13528
14440
14800
4384
13008
9352
3808
6544
2024
1944
11192
3440
12304
11784
7128
6168
8
16120
8656
13072
4128
1816
14224
13192
1352
640
6360
12752
15664
16240
6872
3968
2088
8320
15968
15096
15096
12160
11520
15648
5776
10056
2704
14688
5456
6160
11912
5056
6424
12200
8016
14480
10384
10176
11288
11736
6848
15120
8280
10648
1512
15152
14616
576
6832
2184
1104
10840
6408
3760
6280
4200
13816
13200
2504
13888
9344
6976
7552
616
2792
464
1288
3208
11032
5992
7856
12200
11656
248
1552
13168
14512
13064
12984
4960
5504
14088
10112
4864
10328
8
9064
3488
3192
4424
5984
3848
13832
13536
11528
5736
3704
3568
13856
14736
2424
4936
13848
9624
4688
15008
9976
2816
1944
13376
9000
7056
712
15272
2192
11040
1120
6872
7944
12464
2448
1960
72
5392
5200
4784
11128
8904
8744
13656
7256
6320
7664
9792
15944
4424
5216
6360
1608
6768
7016
10608
2560
5912
9496
368
5128
8768
9144
3312
4848
6304
960
11608
912
12144
9952
10216
3240
14072
7488
12368
7752
16168
13808
8584
4640
7400
14944
6248
14168
7928
864
4776
2016
6024
5144
7536
13640
12384
4224
7592
10304
13120
12760
11216
7504
6328
1000
4264
7744
9504
8280
15496
7096
6096
9472
4648
15080
8352
14784
15472
32
13920
10696
14400
3168
10832
9520
15960
6832
14136
8824
13304
15368
12448
14296
8912
6120
14904
13176
13864
8360
5464
12976
928
4824
3112
10808
6128
4920
3976
11168
4888
1120
472
9120
12096
5080
400
4712
14632
1848
2848
15056
15944
9600
15232
7912
15720
2632
5264
13200
5392
10728
6984
10064
10480
3872
11896
224
7592
512
5440
2312
15776
11416
11432
11488
10048
5352
7168
7904
12488
6368
9232
12928
808
8080
4456
1472
10936
15576
5048
10840
11928
4352
15608
1448
480
12672
14768
8072
11768
3824
10384
12376
8400
10952
15888
14320
312
6672
9968
12176
16080
13960
8720
1112
5880
13176
13408
824
4016
8360
10016
15944
12712
10400
1400
13192
9696
13368
11504
14312
15576
14872
14056
7176
12464
1832
10880
3608
7880
11920
15784
8808
6888
8264
6072
616
11472
13288
16176
15880
4928
9808
944
7784
12560
15928
11792
6264
12912
6912
4192
3056
8424
6520
6152
4896
8352
15736
15096
15912
11664
2280
9672
4776
5840
3600
12224
10360
15880
12016
10864
10952
11336
4576
2352
7512
5424
9440
2608
8896
16352
14408
11952
7600
7888
6192
2704
856
5544
1416
15056
824
15520
11000
5992
11800
14600
10152
14944
1280
14912
9424
4152
9864
11536
1800
15392
576
11240
15160
6520
11600
752
10952
4000
9248
4760
15088
10104
15208
16264
4560
2000
15248
6440
8392
12936
5048
2152
14376
12616
680
11432
8072
5840
16280
6272
4848
1072
11024
6072
5448
576
11064
16
4576
4320
4384
5872
14424
13176
5752
9864
1208
6888
312
7176
12944
5360
7056
14952
7256
6376
10000
15328
12216
9504
4824
15704
8432
536
10024
13880
15272
4704
2488
5688
7360
1896
11560
7456
11280
15456
936
5920
8208
15136
1256
4736
6608
5800
2912
256
12176
3472
15584
8376
6032
12360
7696
14464
3488
15048
4424
14008
6432
7304
13072
928
5408
1512
9856
696
192
7856
11160
8368
7280
12416
3280
280
9768
16016
536
10824
4232
264
2816
14584
13016
5872
15872
9528
4144
4936
8840
14096
4144
10856
1360
14728
9736
8280
2352
6840
16136
2872
1176
7528
9544
11928
7808
224
11168
8040
10600
6936
7688
2968
8736
11056
7544
8224
14856
12984
2896
6016
10696
7040
15504
8944
11000
5768
664
13352
3776
15472
10480
11432
8440
3640
9408
15856
3416
1760
8568
14016
7688
15504
11048
15728
10176
2600
8880
11312
6000
11776
11088
4304
14344
4416
13248
7424
6200
2472
6320
9976
1560
15968
14928
9504
4448
8344
6352
7864
9800
13776
10496
14664
3488
15832
14008
10088
3152
11256
1224
9544
6256
6520
5240
8296
5840
8008
15720
12040
5536
9400
10360
12408
7792
11816
5528
12240
3472
15952
12664
12880
2176
9608
14600
10720
10552
592
632
13704
11848
14528
9520
14664
7984
4280
6368
2144
4096
7424
9896
14944
1976
464
10968
5816
11888
15880
1672
15360
72
10600
4528
2248
15392
10072
8472
9560
10664
7672
9112
5736
5816
14136
8928
2168
6136
15688
4312
14344
6728
10408
13296
4752
10872
8504
10960
10008
8384
12632
4960
7928
2032
432
5680
1432
10112
2624
5392
4392
6088
1880
6256
272
24
15576
2048
10272
14880
10024
8232
11160
16000
5144
6408
10864
2968
4552
856
5416
1192
5816
2120
13160
5856
8584
4656
416
5176
344
3976
11264
1536
13712
5240
14824
14520
3192
4552
360
3168
4072
10800
3160
7168
824
2360
10136
12264
1504
4328
5312
3920
6448
7848
6608
2136
2800
7024
2648
3144
3048
2472
14776
10664
8672
16040
7584
5480
4208
7944
8128
136
13528
11416
9472
3288
7328
664
832
8832
4992
6144
4912
4944
1704
11520
7472
4504
14224
11560
8736
10784
7296
8864
11320
984
7864
13472
9920
12728
10856
14720
12472
8392
9752
3000
5104
2424
3664
5936
9584
8120
12080
11712
13064
10376
7240
4152
6264
6984
8976
15000
15000
280
10248
6056
704
14000
3144
9216
14720
8672
5112
5576
16104
1520
2576
4824
15872
1088
5624
6288
9352
9928
1616
4104
840
8856
8256
7104
14120
1240
10664
880
1520
4136
11208
816
6520
8320
10032
11528
216
4920
15664
496
9552
13088
4720
10064
13784
904
3776
6752
10440
2160
2648
9600
9296
6000
2496
7032
7240
13160
10232
7624
15472
5448
6808
7040
13512
13160
4488
3088
8536
10784
3192
1016
7488
14856
5304
4888
15760
1528
5136
6568
632
2488
13352
9928
7896
5528
576
15728
14472
6336
8280
2824
888
1296
6520
12624
4912
11400
6456
13448
616
6736
12432
9512
8264
1352
11368
7496
13504
10152
15848
2248
12640
12816
9096
11248
7680
7864
4480
10616
2184
3408
2944
1296
14272
9856
14312
2800
11512
8528
136
10896
14592
4088
1384
9912
2736
12752
1024
16240
2600
1560
13600
5952
11648
4504
15568
2944
12368
12720
8712
9792
256
11656
8496
14920
11256
5816
1336
10000
13672
14792
15488
11880
13888
1888
14416
11544
1744
1336
4696
15920
224
1912
6416
4960
9968
7232
14368
2008
3568
6696
11800
2920
14024
3912
4384
7488
14088
13336
14888
416
14928
15784
4528
3560
1288
2560
8400
848
1224
13096
384
15328
1768
6032
10368
4648
13264
7640
9728
15936
944
14312
3368
1416
5592
7752
7088
13088
5976
10792
12672
4520
11392
8240
15424
5888
5976
7440
5040
11632
12624
11728
3696
14392
10688
1928
6640
8816
6816
3480
8368
10512
1408
5392
7680
12200
14024
592
8904
3616
5000
5584
8528
9992
13728
9488
15880
3320
13944
4536
8464
1320
9192
4224
13072
12888
10232
6432
11064
664
6472
14080
6928
4672
3088
1776
7528
728
1184
440
4736
10200
10360
3120
208
13016
10016
15280
7080
8808
12952
15544
7488
12232
11320
4176
656
5560
11000
10016
10160
11856
12320
13152
144
7152
5008
8608
7880
6192
8216
3768
4008
2144
6888
4608
15160
128
10672
8080
7704
2280
7464
176
9952
2792
4352
8904
8352
1032
13848
14576
12496
1528
11736
12640
8680
6728
11520
16208
15456
3352
3200
11448
1208
6296
9544
13560
10216
1128
11128
1144
14840
2600
968
8408
5392
3384
928
2640
2744
3464
4448
9752
1936
7288
10376
6744
1976
10480
9072
15336
9256
4112
3888
10856
5976
2560
13680
584
12696
8424
15824
14240
5360
14856
6224
16352
1856
11088
2608
11784
2224
6664
11232
288
15760
10768
8960
15032
4864
14736
2400
11992
13920
1880
15248
12872
680
12544
2928
12016
11408
3488
6120
16000
5016
16280
40
13616
5400
2568
14552
8760
7152
13456
8080
8168
2688
15728
9568
2176
2304
4808
2216
160
9696
14912
13032
6008
14016
5888
1640
13776
9376
4480
13768
14000
12008
13728
384
1416
16296
14936
7344
8752
1480
15424
584
15176
304
6232
15416
2000
5344
14744
14544
1344
3112
11584
7352
744
5696
7000
3744
12704
4904
6360
1296
15464
9016
1680
14048
7280
160
5008
352
1320
3656
16152
16104
3352
9992
688
4960
15336
952
6800
2784
12320
4784
10136
5200
10480
3136
8944
9192
8432
15304
5896
7032
7936
4608
4696
15728
4768
9704
1400
3448
3024
15216
12656
16320
7560
3432
4896
7384
12000
4688
4600
7544
9864
5536
2344
12424
9064
6600
11152
15272
5520
15328
5920
2928
10720
10616
2272
5952
12448
872
13880
15864
688
14768
15928
8136
5048
5352
864
6952
15720
12648
1888
7184
14192
15928
13552
11256
6144
8064
4016
4720
7008
9936
8736
15040
12216
9528
9088
8280
5984
9408
7760
9712
8592
9080
15312
13640
1952
208
9696
14704
3552
8968
10880
1360
8512
8336
6488
15048
376
5880
10328
9752
12328
3072
8800
8160
6456
14880
56
15912
8480
8176
9792
688
15512
5520
14328
14912
11072
5024
3152
14624
2392
2352
400
6120
6088
6088
11600
6464
16176
15504
16216
12120
14192
7752
12488
4264
10528
12040
4736
13760
3832
14528
3704
4704
9008
14736
3232
3304
9712
80
14840
12104
2040
15632
5592
12336
9544
15576
5872
6656
1688
10344
5464
504
13400
6632
3760
13512
14096
8280
16136
6120
10136
3456
10824
14864
10888
2720
14600
4216
2640
3328
456
15784
4080
5136
4648
5856
10440
1224
800
7240
6872
11720
9648
3888
14416
10104
9624
4256
14560
9376
10376
8312
13224
11960
9832
14048
14680
8336
1880
936
5112
1424
14456
15352
6560
9808
6888
12112
10640
6088
2968
1128
11144
9704
11368
9176
12960
4608
5312
11136
13984
5064
12928
5560
9488
3096
13160
5192
5344
4712
6520
10456
6136
8448
11488
12304
15024
2384
8032
12000
7912
5384
13128
3232
4320
14624
3584
7352
2848
14656
3784
15544
3336
9144
11664
3952
11848
7552
9144
6504
12264
720
3952
2016
8656
15440
2064
6760
14944
5968
11144
10304
584
1592
2848
11872
3352
9952
4520
16272
11680
8080
15656
7648
448
12392
12688
4088
4840
5448
13968
7424
11264
1536
7336
3536
592
6984
13160
2424
3824
14760
12728
13144
3216
6504
15112
9816
3840
3248
9704
15520
4440
10432
7872
11496
9552
4176
800
4712
10016
3216
11744
15136
1680
4408
11600
15296
4992
15216
1336
7568
13592
14064
12448
6008
7952
11176
3808
11792
1568
2480
5456
6008
8432
13576
5488
14784
9400
11696
5920
616
1472
15104
632
16176
10696
5024
15088
696
10192
432
8512
7400
1888
11808
1392
10320
632
5200
14912
2200
13664
12792
8176
5320
784
2720
6920
10184
1968
12840
9176
12944
2264
9808
13152
3424
1552
14056
12656
4640
13624
11600
13624
872
9360
12232
9056
8728
6640
7584
6920
3920
11176
15096
7144
11960
12768
616
11016
14736
12224
1840
2184
6816
7968
10968
12992
10360
8640
16048
10664
10504
11936
7512
4616
13808
13024
13672
9840
6384
11512
2920
13528
728
4208
10000
11232
8560
10616
16168
7304
15168
1624
6896
5600
10432
14904
8992
4408
9728
9048
10128
776
13496
13768
3840
5072
16032
1128
1472
6032
5608
1448
8888
4880
5656
2896
16112
13088
13512
15936
10600
4088
2072
12680
14872
12504
14160
10896
15856
7504
12824
5336
6336
15712
2720
10176
4400
3072
5472
2928
3352
136
4376
12240
5016
6744
1248
11640
6344
12656
12088
4256
7816
14552
8424
10472
10672
6200
4984
4792
3072
7840
10128
3264
7168
3536
2944
5208
15528
7968
2280
4208
8280
1704
64
3264
5040
792
1088
15080
4520
5384
2952
12336
7216
5472
1864
12536
4712
3120
944
8600
11664
5312
4520
4888
8848
8528
6288
9704
16272
4008
13912
7824
5712
2016
4560
672
2808
10736
1976
9056
10640
976
13104
1472
4496
4752
2376
608
14752
14952
7992
5960
6744
13304
1072
15984
4776
9024
9304
4664
5016
9160
3160
304
5208
7328
15408
13984
3408
13824
11456
7232
14800
8176
8072
10696
12960
5936
5080
2184
4112
13072
3776
13752
16152
11536
2232
11376
12208
11928
10064
7192
2768
9480
8888
7976
424
8080
6008
13008
10640
5448
12528
4160
13624
12168
14856
1056
1328
9776
3240
5440
13480
15848
13576
13712
11000
16200
13656
1208
4640
12792
7984
1872
13072
15504
6104
3280
9184
96
9728
14928
5544
2800
2704
2784
7408
14816
12544
10304
11344
9304
640
7944
9840
2168
6160
1160
14032
8888
16336
9392
5296
8056
7520
7776
9208
13624
11888
2008
13720
2160
552
13504
11032
13128
10328
3624
4824
9896
13928
16208
984
3096
8616
7528
15456
1608
9080
15352
9104
7352
8360
3808
976
16272
11192
10184
13512
696
4192
5144
13136
12744
14120
8600
16376
3792
11408
11552
14080
8952
5008
1320
5856
2368
10176
4928
12408
15288
5960
12688
8056
13592
16272
7080
13704
5080
3496
16192
6168
696
5336
6968
3944
7208
14752
3936
3416
9776
896
10664
2344
10088
9344
8184
3928
440
13128
16336
14848
2312
12736
9592
15904
3928
16280
3160
7376
12784
13416
1208
13480
14408
8176
15344
7200
9840
11408
3784
64
12696
1544
2280
13776
8584
5904
6536
9024
9552
6488
10168
9144
10528
3376
7720
14456
13112
5504
9304
16056
13848
10120
3624
4512
14472
13800
2688
8064
2000
6864
8000
10696
11064
9888
3080
3264
12400
12928
4488
5568
9944
5680
12808
4088
7328
12240
14224
4448
15024
6752
4776
3504
15896
8400
8368
2400
11376
11448
5920
7008
14456
14696
12696
9136
11576
15776
3984
824
12320
8472
6784
2376
2792
13176
14280
10512
7744
12120
1424
6384
13896
13032
13504
2976
12144
11640
4984
7136
6704
936
16256
8632
15632
12568
504
4056
4424
3480
5272
7896
12344
12056
6112
1248
1120
8216
9264
9760
3512
8544
13400
10384
4800
104
8584
9040
11536
2816
14480
1856
12632
14608
5896
12992
14344
9984
8936
9920
13856
3664
14952
6568
7992
11704
8568
8720
13288
14544
14288
9776
9680
5080
3776
11504
11592
4808
4160
6744
14392
6064
7392
14232
7840
3096
5544
10584
2912
3392
664
10944
9720
15616
4376
14656
4304
3440
6992
1208
14784
7688
10984
8472
13776
1624
13352
14200
10344
9584
11432
8352
12864
13944
5880
3928
15728
336
9728
2256
3336
8672
8688
10000
6944
13064
8272
5136
6368
1512
3928
8416
9200
7056
504
11808
10560
2136
10016
216
8936
1416
8136
5416
12528
13736
7040
13184
14072
14088
5064
15360
10968
12760
5360
12360
696
2520
8768
10712
1008
12696
2744
8192
5248
12744
3616
15808
1504
13632
16024
7432
12216
7888
3536
8360
5240
5416
5552
13848
7712
488
3560
2296
4112
14192
6320
4808
16056
15088
864
15048
5376
14112
9528
128
5912
5912
15680
8968
8112
15320
16
12440
9560
3520
3688
11672
1896
14520
2176
6776
2352
15000
4480
6464
15576
1448
11664
480
152
5584
856
11160
3312
6000
5352
13784
480
6056
6368
7792
9264
10000
12536
15696
13912
7536
10984
4368
5672
8808
2800
3320
6192
7280
12848
8992
5832
15200
7872
10312
9616
7408
11296
6696
2976
656
7088
2496
6712
13064
10288
2160
3064
2640
1472
5536
11488
3928
9512
10176
11504
6712
13496
1312
568
9960
8704
6792
11144
15800
3520
15248
8392
7776
5560
5016
7952
14856
2912
848
14592
7376
3008
15504
4736
4480
9968
9240
15832
15928
3032
10952
10128
16240
4120
11088
9712
11408
1496
4472
10824
14360
10776
13552
5752
16336
2184
1808
15200
5096
2656
608
14496
10720
16112
9760
6240
10088
15864
5688
5840
2512
256
4680
2264
3864
616
11976
15272
15504
16320
6672
1144
5280
3840
11776
5328
9968
13584
9872
4872
144
10872
6760
5520
10600
12992
15664
12080
12472
9976
15240
1792
9720
12848
15912
13192
2920
12448
12080
12584
3872
5016
13728
1408
15208
9120
6344
11144
10456
12856
15624
10600
1984
6000
10912
9008
13776
10192
3072
1696
12992
12168
12896
13112
680
13368
9920
14144
6952
11160
10344
5560
6144
7688
9808
4968
16352
12920
10600
5960
6992
5024
4640
5400
5360
10112
14408
13240
16072
5048
4840
3080
8872
8056
192
9552
11344
7048
9464
14472
1824
15504
12736
7968
8176
10224
3448
8208
6760
9232
14168
624
14256
9528
6024
7880
976
4048
11024
15096
15384
15864
14592
9872
7808
1600
2648
2768
10936
9568
11704
9112
10448
1032
15240
14144
8800
4200
5936
15560
13432
8232
14936
10912
984
8912
3032
8
11520
7992
1280
10912
7472
512
1040
15280
14272
1608
14720
12656
11176
10040
5384
11536
9008
10248
7088
1424
6048
760
16176
7384
8992
15144
1912
9976
7280
4944
6400
12144
13336
8704
15152
10520
7168
200
6968
10936
1408
11080
7208
4192
15344
3792
656
7576
2344
8640
9000
12680
7880
9208
13096
720
7576
5200
5688
1528
6632
3904
5768
9680
12608
4928
4208
5048
11256
2760
15984
12664
7672
9576
7912
6632
3016
9128
14208
11416
96
9952
1264
8600
15640
4552
9320
6832
9360
13144
11080
13656
7144
15528
6952
13016
10600
11160
7968
5472
8792
8016
14632
1120
14824
6552
5512
15320
2576
13440
10352
2672
7008
7296
5504
7752
11456
12568
15072
11952
9328
12392
7160
14200
13248
208
15592
2648
11344
7176
2824
3752
15936
12200
4872
15272
2368
15744
48
208
12800
5984
13896
12960
3496
13368
4816
7960
800
12880
3992
7464
8888
13216
5280
10240
3376
6072
8792
7968
1496
6360
4664
1048
2176
16176
2160
4544
16344
2600
4336
12760
3384
1848
16192
112
4864
4624
8536
11928
8256
12528
3008
15624
9360
8096
6904
6376
2416
296
14344
3912
10320
10072
4960
8144
10280
7120
12784
10240
6664
736
7008
9656
2976
7200
9544
7840
13808
616
12296
5552
11912
7096
11592
5280
1392
13880
4728
3808
2208
9616
7720
8272
3304
3704
128
13976
3416
3472
7832
2856
13648
1544
3872
240
5656
10712
7912
8232
6288
4384
13704
10368
14064
14664
11296
15456
784
9816
2880
2992
16184
5784
11264
3496
9488
11392
15296
6072
7920
8920
7456
5184
8616
5056
10568
13424
10336
2096
5664
240
14096
8344
5776
32
6624
15696
15424
7408
9128
14464
5984
8936
12520
5280
10944
13352
16096
4352
2648
8176
11816
11576
13784
4048
16240
3216
6616
10192
15264
15432
5952
3408
7392
4264
3768
14408
12808
2808
10952
12312
11264
16224
4864
1256
5120
10304
4680
10584
14656
14352
2376
10088
9544
11408
2640
6984
14624
12408
3208
640
11456
13248
3160
2464
15256
6928
15896
4704
6648
6312
15752
1528
10232
5496
16264
11272
15800
11584
688
2312
6832
15088
7384
2712
10112
11640
4664
7640
7664
1456
8104
13648
11792
5120
11184
3464
1808
10304
848
4448
3992
14904
10408
14224
9800
5856
2952
6000
1056
14512
3296
5776
13216
5704
3456
6944
960
8120
696
7760
9576
7800
11360
14560
13704
176
14744
11504
10128
15592
15952
14120
296
5544
4424
6880
11008
1864
3504
4320
16376
208
10488
13208
10472
2440
3768
9512
10704
3464
888
15256
11264
5912
2952
13944
5344
15464
2440
912
128
13512
12816
424
14104
7992
7304
13288
9856
12976
7416
6536
13184
14864
9712
13280
15464
10832
6408
4760
2088
9480
4024
7208
12816
15312
6736
1776
152
9568
472
416
3944
13288
8
6224
5296
9464
3128
11432
6056
11704
1584
13528
6200
10904
5960
10712
72
16328
5952
14224
9424
1928
7016
12992
464
13752
4776
16072
6936
11136
104
13000
2152
15896
2840
8936
9952
10808
2496
376
15488
12696
2480
5304
14592
8832
5408
14664
7608
5416
440
14568
3488
6576
1576
3024
3944
10032
3104
11272
4784
3208
14656
2632
3696
4568
4424
13648
6240
9464
13272
5344
10608
16144
5344
8816
7792
10752
9288
984
11048
8848
13584
14928
15424
1224
14816
13008
11648
11712
14648
16336
8272
12920
13312
11968
8352
15032
6760
1400
8272
9872
12440
14280
6272
14984
5464
1520
4624
15144
536
15672
8776
14120
14216
7040
12504
208
5968
15528
11920
7704
808
3648
5216
2264
8712
13568
912
1952
4216
6968
7920
16264
7312
1256
15104
12776
2776
3344
4848
13464
3024
3152
656
15528
10192
13160
15736
12160
14016
5504
3480
1952
1856
14648
12168
10568
15304
10864
12520
11480
1448
4992
4784
10520
3736
6064
2256
15424
2328
2200
1960
696
15432
2224
14832
11144
1000
2592
15368
3760
8288
4496
5712
6432
13624
6456
4528
3840
936
664
8744
14000
5656
2856
3480
9392
2816
6128
5640
5144
3928
7600
4448
11504
9824
2896
360
7952
16080
1376
11712
8592
10512
1040
14632
8632
10968
6280
3912
5960
6944
11944
8040
3392
14800
11912
6000
11984
14728
360
6840
10800
9536
2392
10464
288
112
10104
8720
416
8728
13392
8616
13528
4032
6864
5776
15392
584
1864
6952
10024
10080
15296
13416
8888
13000
9360
11896
1728
9720
4664
3856
2872
2272
2064
2976
2384
8040
5744
2408
384
2360
5360
13144
14712
14880
13848
15704
2088
12376
6272
4272
6072
4792
7632
1424
8176
608
3456
9512
10328
1208
5656
2792
3480
7328
16200
10912
15672
5560
7880
14896
8464
13864
11656
5856
12360
2584
5176
6112
14960
11056
14544
11736
536
5792
3616
8744
9984
7072
15616
736
5864
6032
2056
14000
13360
1872
13296
3736
8952
5416
11160
14960
2896
6040
4432
15256
3456
6776
9144
4880
12104
7696
16152
3744
2896
13000
5392
3896
5928
4624
4632
16320
14976
2576
2712
14768
15680
16008
10640
9656
5432
5416
5304
8056
4928
9736
8792
14912
13816
352
3408
9536
8048
13136
10200
10840
16248
4808
9440
10984
184
14072
5464
1200
264
2752
15968
968
2736
10224
10624
2696
1136
5712
5360
10320
4024
14152
8456
6592
13408
4520
13048
5360
1272
6864
16200
14584
4712
6760
12784
4528
9072
9064
3328
7576
4960
12248
8544
14160
10296
3176
4920
4952
8888
440
1504
4864
2184
6952
1336
11224
13952
2000
200
15616
4864
376
1032
16232
6384
13816
4376
1320
4752
8288
8896
9712
12232
14936
11936
10240
11760
472
1584
13512
15960
13296
1992
2608
3864
15728
8616
6296
2656
7568
9320
14176
7944
10352
14024
14432
8600
2408
3272
3456
5880
4216
10128
6352
13616
2200
12496
14528
2672
14080
15368
3096
784
1368
5704
3080
2024
13472
8984
5072
5048
16048
2864
3392
11080
896
14944
13904
13080
14552
976
2576
14392
10712
3776
11624
8512
16272
13872
10544
14360
12856
14032
1240
14224
3352
12456
256
832
12912
11056
10504
12576
8192
2488
1496
9088
14944
1376
3992
3272
400
9816
1280
10312
13592
3088
13944
13872
5600
8496
4536
9128
10240
10608
5488
6888
9704
5744
10328
10152
5312
16208
2032
13504
2704
3528
12360
4144
14232
8368
7416
15024
14192
7296
11672
15784
6000
2664
13272
15984
5224
8736
8728
920
3352
13144
10416
6352
13880
11632
4192
2808
11808
2160
464
9104
1368
3560
11424
3128
11576
2848
4488
7000
4448
16160
6792
1552
13496
12704
14432
14048
3576
9608
14968
16160
9624
6992
9808
7120
14144
14000
6848
14048
224
7312
6376
1200
12632
11336
12056
8560
8488
7568
432
12936
7792
6360
11384
5312
6344
9432
8736
9920
568
8672
10144
9056
720
16328
16176
14864
14056
9328
15568
2160
2016
5560
13024
14648
16264
7688
10688
8608
16264
6128
4768
7672
232
232
2360
6112
7576
4896
744
8144
2816
9400
15472
12848
9344
704
14368
11280
6744
13552
2944
4728
14048
416
9528
13928
8280
15224
5320
8160
4968
15832
552
4736
1176
14184
10848
7632
2696
10104
512
16264
2728
15984
3656
4312
1104
5672
6968
10744
8504
4024
5624
6168
4440
15152
12672
12544
2392
9424
12000
13808
6408
11840
7312
5232
2344
14608
12864
11344
4896
12352
11464
14216
12752
1264
9904
2920
11976
16288
8560
3472
12264
13448
3088
8168
4168
6800
4328
9824
160
8064
12400
6176
12864
3328
4976
15208
11672
8888
12520
184
3464
8784
2352
15824
6336
7552
3480
5640
8736
12040
9112
11376
15368
10360
13224
3152
1168
8896
10104
1008
576
14088
5168
4096
11152
200
11112
6440
9088
1408
9760
10760
7376
8976
10200
1040
14960
9664
6680
10552
10672
15400
824
11688
5040
12400
8536
3872
4912
1568
2472
5880
336
7640
9976
5568
7440
15640
872
14736
15720
7496
8720
10064
88
13848
9024
14872
8864
2736
12064
13232
12664
5144
14840
15064
7256
6992
11584
12560
11352
9112
14328
5368
14912
12032
5448
10808
5096
6320
12456
12344
13816
12648
6024
13904
1592
1336
15416
7272
14984
4896
5960
5120
6344
8880
12192
2392
15872
608
6216
4520
8504
4160
6496
6408
8512
4440
4400
13216
14504
864
872
15696
4600
5152
3168
6192
12568
12640
1080
5608
8640
11504
5656
14088
4000
14920
4688
13288
14312
10904
8768
6432
1320
15656
416
9584
5168
4816
3632
2896
10704
11880
12800
5712
648
10024
480
4464
6280
16176
6312
14024
4672
4808
11728
15320
13040
8952
14352
14720
12912
6736
8096
14624
6008
8512
8560
1232
2664
4192
14720
3016
312
11136
13688
336
4776
14560
4800
11056
14352
1120
7688
2640
3688
11952
3704
9352
4520
1672
8696
7992
8800
15584
6632
1576
9312
1928
16040
9736
2264
2008
10056
14432
9520
9024
14096
14296
10848
8904
7024
3504
10024
1672
6536
6336
10280
10240
15688
1584
4080
9784
10368
11664
5800
616
13240
12872
920
13192
5832
15040
15200
12160
12696
5680
11584
5976
7376
1128
13456
14400
4632
3432
12728
5216
2904
10152
5416
1816
4648
15048
8416
10664
10328
2168
6728
7184
5680
10576
12392
152
9232
2416
4072
10840
8288
336
15560
912
792
2104
13488
10960
14664
6944
600
1184
15672
10368
13384
12448
9032
11416
2176
13408
7136
8904
6224
3176
14712
2624
3328
10904
16176
15248
328
7888
15584
15232
6584
14792
952
12696
7016
768
13128
8768
16360
3968
2752
13360
15960
4600
14048
13784
14760
6912
11504
8144
10088
9832
5520
3360
1072
11072
4496
15640
3184
5296
408
3400
9496
152
9688
13904
616
3440
10856
592
920
2776
2040
1344
8616
296
12440
9392
9768
936
15136
72
7488
12112
12952
8560
6800
8456
7472
10376
3160
8504
6976
12656
7728
16104
1248
7648
2768
9608
7056
1848
9944
7288
504
15056
8800
12944
5664
1360
13880
4024
1432
4984
8296
11520
13544
15280
3592
6072
7112
6752
2200
136
13360
6456
15848
14608
2280
14152
5392
12000
4080
1048
2904
4584
280
10880
15240
11000
12240
15024
9408
13672
3624
928
2152
15600
2032
1440
6464
9144
8192
12120
7104
11216
10720
8744
3392
8048
10976
8784
12432
15056
7736
6856
13128
8368
15032
4400
13360
2792
3040
6384
10880
9720
9072
3352
9328
7040
11592
2864
2104
12984
14984
5392
7816
12120
13032
4032
3784
2448
4752
16216
12608
12880
8968
912
11872
7616
12896
8848
6368
6136
1544
15520
3584
5768
14288
12912
14720
6888
15776
440
13288
14376
11432
10912
2648
1992
1440
15248
4440
6584
576
8216
13304
9544
9128
7592
15608
6032
864
10792
16280
15704
6848
3480
5088
4752
400
12960
14248
208
12912
11152
14560
1480
632
824
3472
2072
16072
7912
7728
15496
136
11736
10432
7120
13048
5568
15296
2472
5224
15192
3152
14760
13704
1936
6376
13304
11416
4632
2872
7944
600
15336
9424
16352
14512
13288
2496
1952
11568
5232
15320
11432
6896
8976
1776
6152
3408
2864
3680
7752
12720
528
9768
984
2464
240
14288
7432
4392
4968
15872
12200
9976
6056
12168
8104
7232
9672
10232
4336
1872
4696
1008
7616
2712
15616
2616
696
3632
15320
7056
9088
1592
440
8280
4056
592
10200
5288
4984
15560
10584
7216
10800
256
13776
13864
9408
12280
8104
3032
5976
3408
12344
1640
6120
13112
976
5424
360
16296
12480
7264
1680
3072
15544
5344
2480
11432
56
13880
5776
5744
4320
192
5880
9456
2712
3528
2824
5392
15888
3544
8800
3544
1904
1464
9568
3272
12424
9536
3184
448
416
1896
2624
424
3448
11280
4528
12880
13784
6080
14144
6920
10496
8264
13848
3568
11400
16280
7424
11896
3648
1768
8424
5552
16080
1144
8824
11728
10680
3984
11280
5288
2088
2480
10280
10848
2624
1576
9040
5224
8048
9584
4632
2448
1712
9216
1120
9688
9112
5912
5200
5464
12240
13160
15904
12544
13912
9304
15568
8176
11064
10464
13856
3232
7984
3576
2304
5776
5152
5040
15440
3184
1368
5576
11144
16040
12744
12264
7040
12360
6352
1840
14944
14176
10928
15424
1240
8456
8736
15960
280
2328
10496
13576
1296
2096
768
1008
4072
10072
4424
11368
3128
13328
10592
14272
3400
6952
5840
10440
5408
512
4104
9928
13272
1352
8968
1872
7104
1320
14936
6992
15768
9048
6584
680
5632
7744
16056
9704
14056
4096
14720
800
9232
8928
920
5832
15880
9624
4608
10864
6248
15488
4408
13248
2248
13376
1264
11920
1296
15808
11456
1912
7912
4872
15152
2840
2872
14824
9520
544
13456
5200
14648
10080
14128
816
11744
2368
5944
7136
7888
4192
6240
12904
14936
3600
9896
184
8320
8600
760
3136
6688
9064
8008
5456
10160
11640
12096
2904
4200
7216
14088
13920
912
432
14736
5552
14448
8792
15192
9824
13376
7432
13304
1560
11032
12976
15008
2712
10800
16160
5848
4112
7544
13464
1736
1320
1824
10360
12160
10360
13240
14848
8096
2232
15280
9744
12672
13344
560
2520
3520
12816
11472
6600
11256
832
13192
6504
1880
8776
6728
7336
11328
14272
11968
9592
1184
6240
3568
3040
4120
6712
4576
3976
7440
10704
13328
11152
8720
13888
2712
5200
1072
7232
1400
6200
6400
11400
3680
8280
13760
13728
768
13952
15840
12736
7160
640
6496
10728
14376
11008
15328
6584
7032
9608
11872
6296
1544
4208
12584
776
9016
11512
8376
7616
11072
1976
2632
9384
6304
4864
9656
11240
2432
10200
8792
7184
7216
1904
3544
5208
9104
12176
1376
16136
13816
13248
10232
12272
15704
6432
13048
9696
1952
4672
928
7264
13688
13216
16120
7776
8032
9392
2632
5920
13568
6160
13104
4400
8320
9952
6776
15344
5744
8152
1184
8312
11760
11416
12424
5304
1464
232
15000
12968
4904
456
11072
7208
13672
11336
15816
10744
14048
13184
11952
480
13424
8672
3920
10632
14144
2856
9592
8400
5376
8408
88
15632
13376
3656
11832
4864
12496
13216
8104
8792
14064
2968
16000
5032
14696
952
1000
15736
12232
12952
16216
1584
11144
12296
7336
7872
15152
2256
15856
9776
6112
16160
7752
7264
3880
13184
13984
8616
15960
6272
16208
14488
9240
15784
6928
8832
14832
5928
8200
10288
7024
8016
7680
12656
3928
15016
12240
13688
12760
12768
12080
13896
12992
12056
4384
488
1128
6784
8128
704
512
8344
2600
7264
8944
7248
288
5888
1320
7504
16176
7648
864
8496
11376
2672
6520
9152
5368
13096
3616
1064
5776
16216
5392
14992
320
6128
11384
8184
6832
5512
16224
7344
3608
7280
1792
12096
13168
472
13168
12568
8264
2352
4680
13272
11360
14152
6040
6384
10864
2816
5320
5088
13400
320
13080
13720
5808
8080
10864
3744
13816
5360
5296
6568
12640
9296
5528
9032
9216
7640
11168
1096
11096
9896
1624
656
7664
11968
7040
14240
7232
4024
6840
6168
3704
10144
13272
6872
14320
8632
5376
15880
13600
5712
7072
6528
984
14840
13880
8152
7200
8664
9328
14864
840
8680
15520
8504
12512
10208
10256
3360
2152
712
13968
1160
5528
5528
5712
3464
2224
16048
3968
11376
6440
11432
11928
5456
12976
9424
2696
6168
2096
9752
11736
1256
14728
3784
7248
5528
6424
1120
14216
12112
14552
4584
10952
12688
10112
672
7160
7496
1008
11520
2488
7448
9816
9440
12904
3160
2872
10208
9328
11416
15536
2408
10160
15576
1376
1024
10048
5048
14632
7880
7456
3584
3688
2024
504
6424
2696
7664
2464
4096
13584
368
4840
9368
9808
8456
12920
12680
2280
10520
1264
3128
12536
8896
2320
11160
9528
4016
15816
5104
12128
8360
14864
8440
6336
14360
1520
13136
10080
12008
848
3504
4744
12392
6256
14552
4464
13592
5144
9248
8656
3880
6120
12504
12384
12976
14648
5528
7424
2304
424
3168
10328
15288
4776
12392
3512
9696
15640
2792
11064
1592
10088
15808
14376
16344
2408
13928
13632
8832
6792
4584
5344
12520
7920
9344
15928
6728
12568
6968
11960
3392
6640
5904
11896
4968
10288
8000
1720
5352
11176
12784
13016
696
4176
5376
736
10192
13464
13976
13744
7064
2176
8400
5456
10640
944
11384
15792
11624
4416
5016
8232
11056
15104
3352
9904
4816
11736
8184
6216
6136
4992
13536
9552
15568
13856
8816
11008
11328
5160
2344
2008
7336
10744
3448
15184
9408
7936
1792
11736
4032
9576
3896
8968
5528
15840
2488
10344
5192
5712
3736
15440
5680
888
8608
11912
13360
14952
6536
8080
3728
4192
10312
5712
6160
6864
11872
15568
1584
2720
3832
10768
4088
16320
14584
9224
608
15696
13200
10192
10968
9464
11136
16120
7416
14248
11648
10440
704
14192
2136
11952
6384
8176
15104
16160
15040
5792
1040
2928
8512
13984
7840
11568
2336
6352
11976
15048
9344
8792
4856
14760
2264
6280
14888
5152
8416
6232
15592
9120
12344
1344
3224
2736
9552
11880
2960
10896
5696
11992
13824
2816
14392
5984
7632
16040
12336
13160
1680
13784
12408
13208
12160
1712
13672
10664
9520
5256
11560
10312
12912
784
7416
16136
12864
584
12128
9512
11480
1440
5120
7464
1768
13256
1480
9400
3472
5920
3368
11624
3320
7344
1584
904
7328
12088
6232
15920
1352
1408
5608
14264
624
13024
2368
3288
2776
14496
10160
7680
840
11344
15144
2608
14472
16144
12008
14824
6160
8640
6320
6904
15088
8872
8968
8624
4576
13648
7296
5928
15056
3480
12576
704
6840
14944
12392
6768
3720
2232
15472
11824
13576
16056
9216
4720
304
2792
12832
6464
4560
13616
48
13120
10280
7464
5752
5312
4728
1544
616
12984
2328
4816
2696
7216
10128
1688
2792
9976
15840
12680
1848
13728
12616
11064
7376
12312
7880
10928
10536
3944
7832
5896
15704
14656
3024
9952
7040
14680
11104
10352
5104
7608
15168
8976
15992
5040
10664
13200
15408
6264
7280
2824
3608
11048
2888
4160
15120
11392
15088
9272
15336
7256
3768
368
5920
9592
9928
15264
10904
11736
7152
376
2960
8368
9352
13032
2936
12752
9456
3912
2240
14208
9648
10536
7512
3848
14696
8776
8840
2592
496
9888
11720
4264
9864
10584
4936
3408
6528
544
8056
2704
920
11288
11112
5720
14640
8208
14296
5184
12120
4328
3008
13912
6600
4504
5928
4912
13280
1616
2320
12392
8504
7376
8128
15024
1576
3320
4768
11432
12520
12824
14528
5176
1536
9256
544
13104
1048
13752
2296
11072
6568
11080
2840
16352
1192
3088
4944
12088
1080
7656
8288
7424
15032
552
6064
16160
12512
15088
4336
8128
4856
10192
13304
3320
13320
3624
40
12272
6256
14048
6960
12824
8352
4120
3592
9224
9568
8928
2864
8488
16184
5816
15912
1152
10016
10792
15456
10240
6888
5264
1984
11744
11456
15288
15064
8392
11664
1280
12104
10584
1448
5144
9360
9480
14968
3040
2320
10984
5888
15840
13296
10296
11112
2616
4936
11640
8176
4008
5888
15096
15520
8512
10456
12320
9216
7248
12448
2448
8528
8216
8248
7080
2680
1616
2400
1264
14960
4720
6664
4464
11816
12808
5832
9840
15424
896
10896
7248
13272
5008
5960
14136
2864
16352
9680
10032
9168
2768
12872
640
5448
4736
6048
8128
10032
12736
6992
11456
1464
328
9392
6032
3248
12824
512
12176
2664
4976
3040
6168
32
9000
8416
3224
7352
1264
3128
1816
1504
6640
2848
3552
14872
13184
11680
4840
9536
4296
6224
5384
12416
13216
648
6824
7120
15856
5352
6600
10880
7600
15952
5864
14984
8376
7296
5560
7112
5960
12640
9008
16096
896
5456
14584
4096
6224
3040
5832
5864
13200
448
14096
16008
14896
4536
7496
2016
15568
896
8864
9600
856
13384
11392
9232
6088
5832
16344
12440
2088
7416
12152
14800
14424
10352
13872
8592
2992
13064
1928
5784
12224
360
10976
5648
4176
14296
8720
2968
2984
1200
6632
3840
12576
1640
3312
2280
7472
2960
14720
6432
6008
10488
11536
11944
11928
7360
3352
1856
12736
11104
3928
15872
4528
7048
6160
8704
9136
2560
4712
12120
3760
11736
16352
7568
3008
3344
4896
4856
6304
9824
1576
96
12064
6424
4536
8776
2600
1184
5752
15336
4096
6704
536
7760
2632
10760
552
9880
13320
4160
2632
16080
488
13784
8512
13280
15640
12768
14632
9728
13832
176
6560
14616
6248
2024
10544
12736
840
11200
12080
11448
11888
11544
13168
9648
1176
2664
232
12144
6824
2400
3936
6728
11384
12840
3624
4648
72
11008
14376
13904
5552
7816
712
15688
10592
10224
12040
11432
976
8648
16
5472
13096
13152
12208
11920
5896
12048
7680
3272
9648
3352
12928
4256
6896
9304
15992
6824
3928
1616
7472
1624
10184
9624
928
4392
600
3416
560
376
4712
15808
5456
8000
4200
1280
3920
6288
3056
11600
6824
10184
1432
6104
10456
5464
15408
6320
11896
2952
4704
4424
1328
10904
14048
15984
9872
13056
12960
7072
2952
15096
8736
2504
7096
11848
12992
5368
5952
336
6232
12776
6536
11976
7064
608
9872
8040
10672
5384
10904
10416
6576
12232
4936
7080
12240
11448
12632
15664
2136
800
14376
10176
2912
11296
10744
6304
16104
4792
6640
5952
8376
12784
10360
15440
2992
3456
7096
7288
7544
12576
13256
14512
15648
8456
8952
4880
3520
3680
5600
10336
13504
8776
16224
16352
13864
10904
10048
2800
15304
12584
3152
6928
7400
13120
7872
10392
16192
15608
13280
7352
12192
9760
5480
3456
1304
12912
14960
14168
208
9360
8120
12904
14632
8280
12936
15616
13976
2496
3568
1328
1304
416
8256
8704
12704
256
13672
12896
520
6208
5152
4712
12832
16056
8216
11528
2752
6744
13744
13840
16104
10368
15448
1472
14120
4776
704
4672
2280
2864
6000
12800
3672
2128
4096
7352
2384
1384
11232
14128
11560
10304
2456
1272
9976
10232
12800
12728
592
10552
14880
16304
184
2440
14992
14304
9168
14680
6360
6888
1160
4024
3304
11552
6544
7400
12576
7456
7992
7424
5200
3568
2880
9120
14480
12856
15272
10896
7576
14680
11320
9080
1624
11136
11520
13760
3560
2744
12056
2800
12240
3168
1224
7056
14328
8616
1928
1752
15680
6464
10712
11888
9640
13592
11760
11544
6320
12872
15736
2488
2200
4808
9792
15808
6328
2120
2048
2768
4864
10008
5568
720
9152
3952
6336
7096
12568
4016
7536
4520
10480
13208
15968
3736
384
5040
15280
5936
8944
15536
12544
11144
10728
5952
11720
672
3832
6320
3048
15352
12696
7768
2144
5464
3816
4192
3824
8360
8208
11360
12544
14472
8184
3424
5648
7800
2008
12232
14128
10952
13080
14800
10672
2352
4368
15336
14704
8576
5272
15016
9608
15192
9592
4632
9728
5776
7952
13944
14136
256
7464
15184
14216
1112
4624
8960
8912
2616
4808
6656
8336
1504
8240
2336
3856
12120
15488
5536
12840
6168
11824
6064
9024
11352
14560
2760
5576
9776
16064
8168
9520
9240
9368
7744
6032
13992
320
13112
168
11256
9928
8504
6632
14208
6560
10488
6440
10720
360
13488
504
4200
7424
7472
15552
5600
11672
5136
4176
4392
3032
14088
4848
12400
10936
792
6376
5768
13904
9840
5488
12408
15440
15240
1800
5616
11632
11744
5104
5112
7536
10776
15864
504
3304
1352
11288
14976
12600
15856
10584
752
13560
15824
4736
13760
15032
11504
7992
15256
1664
13480
2848
720
4048
4256
6336
15680
384
1232
5816
8072
3984
10048
8816
680
7296
3720
1696
12872
3192
7496
2368
16016
8056
14016
13392
6976
13872
5000
8104
15928
14288
10736
264
1952
1392
9392
15136
14608
8224
12208
6296
12144
5872
13864
12432
14960
9752
2256
11840
9824
5240
6912
5800
12904
4544
13576
10456
6664
7416
2568
7120
9512
8216
9528
9216
9608
136
5920
11384
7632
10096
10904
12992
12552
8000
15824
11128
14632
2816
6584
8464
14352
16056
13720
1448
4480
16240
4480
5240
7560
1912
14504
296
10080
8736
7464
15912
8208
13384
11304
544
9680
400
2848
10536
8400
1896
15792
7040
15464
7568
15504
1112
9144
1784
16048
2760
1640
3752
8384
10856
5664
10264
5824
1032
14160
13288
15824
5952
6096
11864
6496
608
12264
3648
5240
4672
14632
6224
4672
3064
13792
5552
14432
11736
12616
2680
7800
14256
1072
584
8728
9648
5928
2904
5704
3704
10384
4752
6728
3896
9272
16152
4504
13000
3416
15256
8056
10824
9032
13000
8624
4760
2168
5808
9408
5936
13256
824
8320
12184
15752
1056
10544
6560
3960
16248
6120
10352
11768
3536
6456
13496
3304
14432
10112
6720
3080
2056
12280
10432
15056
4520
1192
840
15488
7776
6776
4024
9432
14840
7832
6320
13784
14392
16144
6952
14528
10504
920
10304
14040
7376
3192
15424
7056
13304
8072
12800
1024
3968
6848
2352
7504
10336
14872
8400
1728
11120
3960
8680
3720
3872
1776
728
10520
2016
6224
9056
12912
9240
2976
5816
1864
16168
11920
8920
13520
3608
12504
3888
8808
11120
6240
72
15600
7752
8328
15440
2488
3976
9624
15152
7848
8536
1960
3064
10944
12120
4264
8912
11408
1288
14728
9544
14880
2808
1016
1360
800
11488
5248
8768
16016
11488
8840
416
2856
15480
15856
11040
3072
6624
12272
10920
1224
2544
7856
6664
9576
4264
15576
2224
2976
2856
11768
14912
48
12784
13552
15144
1688
8080
6376
15064
3184
13920
14256
10344
13016
1600
11384
296
8224
496
6152
8992
2048
1704
15656
8856
2952
1928
11080
10456
11600
9528
7792
11552
3256
10624
6072
4944
2712
304
9728
10488
2552
8784
12328
10464
10384
9056
6608
13768
9552
12760
6376
7504
11056
5648
14640
14008
12664
12824
3944
15320
13088
4648
6288
9440
10408
12360
11888
7696
12448
2160
1408
15000
5440
5464
4536
5336
14520
11144
7952
9088
8864
14808
1584
13800
12312
3328
208
8984
160
4152
6336
3456
496
48
5984
10512
12704
6296
14560
8768
7928
3232
9000
3408
8696
4464
7640
6440
7072
16072
2648
1792
14496
4232
15592
2184
7952
14992
6800
8272
5544
15528
4816
10944
15576
5976
11312
13512
4112
6896
10488
4344
9736
13280
8632
2048
9208
16272
7896
104
424
10544
1896
14072
15168
15672
15864
9648
680
9064
14848
10160
8208
6352
4720
7008
16008
6592
9880
4488
16296
3592
248
9648
9688
8000
4688
2512
7880
12976
2408
8928
7136
15480
11632
10464
16192
4232
12656
15512
3088
5264
9288
11656
5160
13616
11736
4784
7024
5232
688
9448
7560
15448
200
1256
7448
11504
12616
15328
1472
9816
6008
8608
7472
10760
1464
7664
14992
11192
7848
11904
10064
752
16136
11480
2016
11984
16264
4616
15944
15816
11552
9264
1504
11360
8008
10832
6480
12536
11888
5008
13664
10504
12784
6192
4880
14248
14912
12896
13720
6376
1384
12728
9256
1136
1248
11664
10456
15016
9336
5488
408
4504
12608
1096
15864
11392
11928
10424
1144
8560
10968
12520
13704
9408
2328
9216
11544
856
5728
8880
9152
7112
3848
14360
7744
5096
2696
1816
6072
12032
12712
6480
16144
104
5384
760
11496
6936
11576
10352
1624
15776
9896
12080
6368
7568
4912
5568
9672
5352
14448
15864
1760
10992
14488
5984
10488
800
8584
176
3944
12256
9728
12200
3840
4736
11440
15336
4712
16248
7472
10048
15248
15400
10640
11152
7440
11048
336
728
10688
1208
856
8928
6600
1040
14520
15680
16144
5936
488
12200
9672
9240
8016
13512
13976
2680
3920
7120
2544
11392
2928
14976
3616
9064
6248
11056
3728
10472
4600
6960
7120
12640
15888
2664
11600
2360
2352
10968
13200
1864
9600
12856
11104
1976
9984
7296
704
6064
14416
13136
5720
5288
4264
14280
14352
5872
7432
1696
16344
12032
11120
6768
16168
4768
12280
11816
14368
14632
9984
11184
16272
12792
14712
11608
5568
11656
12072
11520
1336
10104
1616
12000
4816
2648
9896
9536
3224
13920
11232
3576
6424
10416
13192
6640
14792
9088
14312
424
8656
8080
10760
7840
4488
9088
3064
15304
13816
7376
10440
12480
14048
8824
15512
7152
11080
7360
13608
7856
11096
14008
12104
15248
12400
8912
7776
5576
2008
9848
5152
6648
1544
15912
15192
10352
7768
4648
4952
6048
4360
992
2144
9688
8944
3016
2928
2136
5616
5704
9992
16056
3328
13880
14920
7312
11416
9240
3496
13424
2704
1656
6776
12528
15200
8360
9888
9800
13008
1936
536
7736
13456
14384
2344
4512
5016
5272
9736
600
5408
136
928
2080
13744
2392
5624
2328
11632
2128
11488
2440
4176
1880
14968
11024
10240
11304
15552
9520
7016
15016
15904
6048
632
14520
5824
6040
9248
432
10944
1728
296
4904
16032
2344
2512
11112
16
8728
8592
4880
6288
11968
2608
8680
944
7632
13760
16272
1496
4784
864
14408
15120
232
112
4560
10576
9360
12256
11640
8752
3832
160
7984
10208
13712
14064
6584
10328
5472
14680
4040
1056
904
12720
2000
9264
5896
13880
10760
1112
1640
3648
2376
14976
3536
2184
7608
5824
9680
13520
2928
10536
3024
5056
15664
10688
9008
9080
16352
14480
7376
12312
15536
8496
800
14840
768
5096
12336
4856
6208
5688
7880
8584
9288
4344
6400
14704
6216
304
1184
7240
5152
4208
4088
4432
6088
13488
13512
6056
4800
11880
1984
11128
3992
1184
3712
13160
6280
336
8080
3896
6024
16184
4688
13120
12240
10696
4552
14312
10392
3368
11216
15544
15152
688
12792
4856
12800
720
5472
8384
4832
12896
13640
840
13688
15416
2776
3584
632
5528
15680
5392
11448
3984
13864
9080
1704
14352
6616
8088
10984
11784
7456
4168
12472
10656
9024
16056
5008
3552
8720
16208
16056
4920
16112
13360
10888
13880
15824
10256
13360
144
16040
7960
3448
14208
16120
1744
16240
6880
10040
5256
2280
15664
9032
2024
11376
14712
14032
10016
11552
5312
5800
11880
9840
6072
1480
1048
12816
14344
11304
6592
14880
10960
14160
4952
13136
1960
6696
13280
4920
40
8416
9184
680
616
11208
12056
14096
13952
2040
7120
8640
8544
11624
1200
2472
13104
16232
1096
14752
11544
9088
128
10264
11312
4824
13120
13272
11520
160
8352
4904
8576
1152
12160
8424
3632
8552
6064
10320
6904
1056
2576
936
4096
1768
14456
9008
1616
832
7376
13160
9920
7248
3288
4848
12072
6552
1736
9568
6712
6296
14472
15680
4752
2704
9128
8384
5128
13320
14448
14608
3728
4512
1232
16016
6280
13224
8640
8288
3992
15624
11320
14304
9896
8032
13616
14600
1480
4896
7784
10760
1400
10512
11464
6152
7808
4208
14536
3840
6880
12600
5616
10608
7696
6848
6144
1416
10008
13888
6872
14392
1736
4056
4072
8552
12088
1304
6768
13176
12792
14552
8832
13800
4040
13752
12816
3376
9544
1328
464
2664
2456
6080
7944
5240
3064
14584
6264
9440
3904
15776
4952
10744
3448
880
2912
15144
32
9680
4448
3560
8536
3104
6144
12280
5736
2968
7480
12576
1640
9368
6864
4096
936
1080
15632
12384
13896
7016
3336
6392
6408
8096
12032
9464
6824
7656
8160
9528
15432
12608
3296
7192
6880
13144
11296
3768
6208
2392
7576
7848
9408
14440
11944
6040
13752
11192
13952
11264
4176
5768
11512
1840
2328
7160
5080
7232
496
3144
16008
14544
6920
2528
5352
2584
15672
16120
10032
9464
2656
13928
1616
4320
4008
10328
6024
6640
10856
3592
4624
6680
14208
9496
8520
240
2336
12944
8912
3224
6584
8240
11320
2880
5712
16096
10920
9960
15832
4568
13344
13176
6632
4656
15272
5744
5672
11472
15488
5184
8112
12656
4912
10448
3160
12776
5696
824
9728
2168
13984
13240
5976
8920
6416
264
9208
11880
10224
6624
8680
13264
3416
15312
1536
11856
6816
12248
8
5920
15728
8280
6736
12128
2344
9896
15736
2960
5664
6008
15592
7928
2472
9616
15920
3944
7032
7104
15824
15512
13728
7144
2248
15232
8168
15672
10704
1352
11536
5688
11816
4192
13968
2168
7936
320
4320
6896
13744
10376
12904
3432
2448
1008
10200
1984
4952
848
9088
11600
1720
9560
4456
528
8408
4152
1240
2728
13584
10296
13032
8624
5712
15448
10792
13648
15128
6080
12224
15000
4296
288
4816
6744
720
1368
8728
10320
15864
14560
10848
1200
7736
6392
15712
240
5840
568
2488
13736
9336
864
5112
15048
14192
5680
12312
12936
4624
16080
13928
8920
16368
2360
720
15648
600
7984
6800
80
6160
15120
888
2488
8336
1560
2728
2208
600
16144
440
9936
1496
11712
7784
12696
616
4528
7136
4008
4224
9592
3064
12176
8760
12600
13304
9360
11768
12664
6944
14840
5376
10328
944
13424
4888
12712
15632
12096
4304
15584
10736
10584
3872
14248
9488
13128
13992
16144
8728
10160
10224
4592
5952
14920
15576
13512
8488
5816
6984
15432
12112
12360
5496
5608
9400
10384
7104
7736
1712
13584
7848
7360
13384
12112
11160
12488
1016
7616
3264
9744
13840
6960
11232
8888
7960
3952
11760
528
1864
2360
15960
10248
14720
5072
11744
8648
15456
11352
15992
13744
2232
8144
6384
10760
12416
1160
1728
13040
10320
14848
9984
12864
10960
11160
11016
2536
1272
15248
2008
3136
12888
14344
9272
2224
13352
11360
6424
2496
10056
10352
16240
4096
2600
6632
1528
9816
8592
3648
9912
14656
2112
12480
1400
7928
9128
12416
10992
5984
5104
12608
13536
7392
14648
6424
11216
4768
11448
11592
7264
5120
15536
8872
14968
1752
2240
2944
8320
5552
6592
14144
8712
7288
6144
10112
15744
1112
10240
10352
9288
648
6576
9944
8040
11544
3520
13208
16064
8064
7968
7584
13440
9264
1288
14856
7512
12856
1808
1200
2416
7984
12944
10088
1112
6800
16360
1752
7912
6168
8176
1376
9568
14784
7816
14856
2848
4296
4704
2528
12616
3320
11328
6320
3800
4160
7848
13064
632
6040
14264
13336
2752
15064
13136
3864
5480
13112
10376
2992
9048
2200
4368
520
15784
4200
13944
3448
96
7144
10408
3280
12560
15856
6784
8016
3632
1064
4696
4264
9672
2576
7704
12424
3896
4456
96
1584
1576
5912
1408
8912
3712
5776
9432
3504
1576
11872
16328
1672
3024
10856
1608
6848
10328
11208
14864
13960
4504
3176
14544
2208
10632
9544
10216
6736
14392
10120
8320
15968
40
6912
7888
3752
1136
14840
7256
440
13808
7704
2504
15936
14208
896
9088
12504
6464
10216
6304
5416
9344
11920
8760
896
5472
2592
7632
12904
12712
824
13320
3632
6088
4824
512
6832
3280
8616
6392
5856
912
12496
10976
15120
2600
14104
2616
12520
7936
7464
14832
14976
12992
7208
15872
8864
6584
9656
12344
10256
5904
15408
13496
4392
5800
12984
2440
7304
11168
8440
1840
10648
12328
12816
11912
1456
15096
6696
5320
9224
768
3768
7424
12224
5408
9472
3360
4392
13640
7400
10912
13224
8008
2584
1624
2208
15568
15568
9904
11984
9256
11744
10136
4808
8208
14216
3352
9104
11856
2360
14440
12624
6128
7016
15592
15272
496
13816
10880
13144
6808
32
472
1568
13832
2096
15352
1736
15104
10936
10640
8800
10088
504
12392
14472
2672
15744
11016
14528
13384
3816
5224
6864
10832
11952
5752
11328
7000
248
14960
16192
16208
15432
1368
14008
15240
336
3720
2424
5784
9464
5160
512
7424
15216
1400
10488
16248
12024
7752
2864
8208
3408
12384
13760
15360
9752
14344
8752
6776
3464
8560
6952
11968
9192
4576
13112
6856
856
15536
1072
8608
10768
1584
15592
9600
15808
9696
6920
4936
14440
3664
13112
10640
7664
648
4720
15744
13696
13472
10248
10232
6040
3296
5816
13232
1280
13840
12288
2528
14296
11216
6080
12856
9240
9512
6072
8664
2824
15928
12656
5160
4120
9384
10904
11784
8736
760
12424
9944
3280
10096
16096
2760
6800
6496
392
8472
9040
3704
11000
11128
7120
4920
7600
16360
14824
2320
7744
15120
2776
12368
6424
6896
2984
944
14088
5752
15808
2056
4192
2704
12152
12872
16328
13424
2984
16048
4952
4360
3760
6048
7160
13024
10968
14760
3336
6976
12440
4408
11064
9664
7960
1104
2768
5440
13944
864
5192
13368
2920
7392
312
1312
3880
16016
1648
9520
32
13080
2504
3792
2744
6720
15952
14104
8432
13480
7128
4488
1504
1808
1840
6456
13080
15456
15368
5744
14592
5816
8760
4712
1576
9072
3792
5456
6944
5440
12320
6912
2528
1560
13656
11112
8496
2296
13392
544
11576
5872
5032
13080
12320
13192
7016
15624
4512
6000
4984
6304
184
13744
4976
1760
9952
1184
9168
15872
12128
13232
9352
6784
1984
9760
3936
10480
12056
944
11024
480
6816
16056
12992
10488
3256
3624
11248
8616
6760
10512
14072
6184
8512
7288
4424
14696
7912
3184
2200
12560
10048
9232
2960
8320
2608
15408
2416
2112
1528
13440
1632
8040
2880
14624
13936
376
1864
13304
8240
4504
13592
10552
10688
11304
15320
1272
12992
9536
11928
1584
13360
5200
8736
6376
13264
9864
5400
10456
8632
3872
2984
10264
4080
104
8896
6528
480
5624
3448
8624
10128
6240
1536
11952
15616
13784
2768
2624
4248
14696
12176
8720
12872
3048
2344
0
12912
3056
10456
4280
7320
8912
10400
13144
9408
14880
13096
6496
9648
6344
13864
480
3800
15400
11864
13352
14768
9096
10336
2632
5600
10256
6088
8720
7208
8432
8720
5704
4984
2792
9984
14048
10264
12776
5576
15528
5112
14096
6960
11848
12328
4440
11936
16248
3456
16312
3168
5072
9024
9216
13944
3424
12904
8136
5296
10688
16200
14016
11008
5168
15960
11776
2832
6088
8216
13640
5232
12936
5424
14656
8400
15016
6168
12432
1504
6760
4024
11320
1688
11384
14280
16024
7568
15008
7888
12864
12456
7704
10104
14936
2928
10528
13224
96
11944
5400
13152
1184
7536
8656
15840
448
10024
10064
3112
4464
15944
9248
600
13864
1744
14880
2160
9312
264
10048
10592
12720
15016
15896
14168
12088
9648
5376
11600
14088
16360
8368
3480
7512
288
3328
9712
10312
2992
9784
10536
13832
536
6448
16352
2280
11048
2128
4792
5600
12176
608
14448
2448
16264
280
14536
6616
5656
9752
7080
11144
1736
3600
3632
1448
16112
13344
9256
3264
12824
15104
10960
3416
10824
10928
1136
10896
2936
6320
112
7144
10672
2048
9592
10792
14616
7352
12600
12496
720
10864
9128
14320
14464
5104
12872
2040
8240
10640
15160
4192
4856
9736
15608
5968
4672
360
11456
14648
6680
5040
5408
12392
7088
14608
14392
8856
5576
14592
11416
10088
12656
3768
8360
10736
7512
4904
8696
15752
5736
9528
11560
880
16176
10784
6848
4880
4848
14464
6616
1832
13264
1600
14616
10208
13008
16160
13704
14184
14816
8040
8496
14224
4272
16304
8576
4600
4824
15888
11152
15472
6360
6720
14984
6568
15264
8248
11840
12656
6608
14312
1504
6656
12712
3272
3944
7048
3048
6624
11536
11768
1720
13128
13928
13832
3336
11032
14336
14896
4856
9496
15808
11216
16216
824
1792
15432
7704
2752
14000
14312
15704
3888
7656
13000
9224
4784
10432
10208
14152
712
1560
512
12416
896
12928
7304
11928
14976
5816
6680
5480
11144
4536
5648
10712
10056
4304
14352
12808
9696
16344
13096
10576
8768
9712
15032
3224
15664
4824
10928
16376
6384
10416
12424
5488
6960
11264
6440
11224
15688
13120
10640
5544
8192
15896
11216
1864
3816
9184
2104
10504
9224
5392
4696
14776
4320
6048
14768
3600
1224
7072
13184
5160
13432
9224
10648
9912
14736
12176
15072
14040
7864
8936
7888
16056
7936
2720
14192
12264
4480
16296
6384
11640
11080
5304
5960
984
744
12040
14160
1968
3120
10960
3192
168
12584
2544
6640
14232
1664
8040
16184
6856
15792
7688
9200
9040
6368
7400
11464
5536
9072
11304
6496
13008
6000
15848
2392
6744
3808
4616
8712
15696
6344
5520
520
5848
8320
6512
3696
6400
14856
3496
12864
14264
5592
3664
11160
4424
3736
304
9960
4944
5384
3464
8064
15768
13456
5672
9024
6344
14936
16072
7032
8592
11176
9224
14440
13272
648
15024
13096
14208
11528
16152
12088
736
3040
928
12696
15688
15152
13256
4248
6616
16048
3816
6000
13512
9880
15024
7168
5056
1048
136
13648
10128
7024
5072
3144
7672
12672
6432
9848
1144
5808
14144
16368
7536
3168
12680
8232
4400
15808
12008
11016
15864
8192
15752
3392
14696
728
12608
3368
1776
3912
16144
8032
2720
11552
5208
5992
8544
15552
3464
7400
6640
15160
7384
896
14048
12312
9128
9648
12888
2880
1760
13408
10680
13992
416
8992
2056
3360
4416
16104
7664
12208
7360
11440
9008
2152
10936
15216
13400
8912
7816
9624
6640
16344
8728
7408
12352
792
672
7528
2088
15296
10896
12768
3872
5904
11400
10456
14232
568
10176
10872
3608
15232
10456
3768
13472
11376
13784
10488
12872
10416
1256
3128
5928
8912
4280
6424
9704
11432
14888
8008
12912
12392
4760
15984
9896
6640
6328
12048
10312
12536
9848
6704
4608
12464
5912
7520
9320
13072
2968
5808
6712
4224
8936
784
2856
4656
9568
9536
296
11064
1528
3768
7072
5896
13016
13560
15640
13424
14480
9176
15888
11752
15880
5104
320
9576
3760
9000
6264
9656
14808
3408
11344
9024
13368
7896
4368
3800
15336
11720
9120
14200
8040
14336
8304
4976
11512
7336
8328
13416
16256
8552
9176
15616
13656
8856
8808
6488
1472
1312
3168
104
5112
8208
7256
8128
280
13496
12056
16008
14608
4792
2560
9816
9544
10640
11936
4672
14792
3880
2096
1328
11712
5112
560
1944
12640
9368
11840
11168
8056
1376
5112
13440
6440
4016
11200
6160
15256
9512
9848
13480
4720
9096
4056
14264
3352
15992
13440
11832
12896
11344
5880
1184
72
6440
13256
3672
576
14968
7496
8904
2792
14000
10032
3648
6400
11536
9416
8856
5056
432
10432
6608
8112
6376
8336
11624
9616
5392
16176
3280
16032
10712
4464
424
4272
7592
3248
4848
6176
12136
14144
2992
9752
12272
6640
3352
736
16056
12208
4320
15232
14608
1896
7120
4208
10232
14024
5408
760
14624
13864
15976
8952
14440
16
2768
7240
13152
14304
15320
1016
160
1928
8736
12432
8208
12088
12776
8536
8472
8456
6696
6696
10352
13816
5480
12184
600
11280
12944
15224
13800
3032
8592
4528
3048
5024
13672
184
8888
12216
832
9048
2240
8480
11680
5936
3608
1096
13392
4864
9552
12680
5216
13256
744
5688
9056
144
10792
10376
1304
3008
13408
6488
1128
320
11904
1584
504
3016
10632
64
6032
8384
8416
10736
13936
4416
11832
5440
9280
11776
2128
4064
7736
1384
7024
1320
1240
12616
9056
16320
16016
10696
6424
1496
11016
14440
88
4864
11424
6232
4800
15704
14616
3560
4968
15704
15528
9912
9872
10136
5304
8640
2576
13952
6360
6784
15272
5120
10552
9776
5184
10920
920
1240
12416
11936
12808
4448
7072
8536
10680
13720
8528
8912
6224
3168
9592
5368
9640
16104
4768
12048
8360
14192
9616
2000
8976
8504
3120
2752
15112
8304
2712
16032
6672
7072
11584
13288
11520
13720
10944
5816
5328
13688
1656
11552
5864
8448
536
15504
8048
12152
3456
16360
10352
6160
13968
1376
1720
15680
1376
2600
8616
1728
2952
1096
8800
9024
2000
3936
4696
3440
6632
15752
744
8096
4200
11264
16032
12720
12144
7696
8488
8688
8112
13928
14848
5856
4224
2864
9824
13536
10920
1208
4576
8416
14080
13376
15776
304
928
12296
4136
5704
3456
11504
2392
7656
152
13952
11320
12296
6256
13944
4992
1856
16368
12928
4000
12144
592
10168
8904
11512
7424
4328
3488
6264
6944
12288
5960
10368
400
14560
11328
13328
3448
7448
10320
12784
6504
5256
488
12368
7696
4504
10512
9096
8032
14120
13336
8944
7904
11952
11920
480
496
8432
9640
6448
4336
4072
12464
3936
2248
7408
9784
10688
432
536
7088
6072
5792
7184
2056
3288
13704
4208
4000
5672
9912
7048
15008
14952
14160
3088
1912
1728
5344
8120
8208
9680
12192
12128
13224
1944
5112
3440
4144
5544
12408
13440
528
9768
10128
14192
6480
3968
14368
5904
9640
8488
15632
8120
9328
13408
5032
11240
4704
10376
3120
3504
13104
9072
15632
120
8864
4360
12824
4720
9904
7536
7664
9768
15464
1016
7576
9376
13432
6792
1104
12592
1696
1856
11520
7632
11552
168
13896
9536
6232
11168
10352
13432
3856
9992
2832
5008
2032
728
9728
8120
8120
616
14736
9184
14752
7160
192
1320
13952
520
13912
12256
2376
2392
12880
6816
13768
5992
16352
8848
11208
5608
4584
9424
12000
1752
4416
14032
13904
4920
10616
5640
10848
12264
12840
7168
5104
13424
5848
8848
3480
8064
11664
10528
10848
8224
12672
2920
2560
4136
10456
7736
14912
1344
776
13472
15976
10800
5264
13496
15720
112
13632
4872
12152
792
12040
1264
3752
14880
7584
9152
6560
4472
12696
15360
12632
8984
1896
15192
11536
4032
9448
10064
11008
7712
3408
11416
3088
2248
2080
13960
2136
11552
9088
14288
11952
2952
15552
680
11928
8360
6160
13888
3552
13912
3520
7304
11456
14368
8104
472
10336
1168
10536
4568
9840
8864
400
3848
9768
13512
1424
11904
7704
10904
6576
12136
7952
7016
13208
3888
1344
7048
10000
2208
4576
6480
6872
9504
11920
15152
9976
14408
2400
4520
13792
4536
12040
2192
8384
10960
680
6576
944
7608
12056
5632
11856
12672
3736
1352
176
5080
8400
9824
13512
3408
80
10136
9896
12392
8904
80
14368
9488
11784
4608
4952
256
9584
12952
10704
5728
13240
9760
3048
1576
1384
8808
14248
11264
7064
14424
10592
1336
11784
13464
1680
4680
7216
4808
15696
128
11496
1328
9360
6504
10448
2072
6248
12344
5504
16208
14696
2360
6448
1360
3936
8552
8936
1800
13344
1872
160
8832
3600
11944
11752
14464
6872
4144
6728
10200
4016
4768
7120
13376
5112
3328
11304
744
9016
5800
15464
10704
12944
5528
9344
888
13752
16
13696
10712
14528
2920
14504
10928
9024
6512
7376
488
2368
14104
5304
14736
9728
3960
15024
14840
9096
9944
14096
15048
640
3208
12040
13976
2712
4608
1520
16304
11760
15216
10792
13616
4088
12672
3080
4544
13584
5928
12328
10824
8568
9360
12472
1912
10984
10720
16016
14104
12104
1528
944
3248
4736
11096
5656
2024
15704
7176
14440
12440
10376
7536
10064
14856
11248
3240
10312
8328
7216
10128
13888
15784
13672
1416
1312
8112
9304
14312
5832
13192
15840
4888
16328
12192
15592
10672
5824
1472
12888
8616
14304
13872
14912
8400
4040
9776
4744
10112
14936
4424
12920
12440
4632
6176
2136
3320
2096
4944
1248
13040
8248
704
8152
8080
4504
7440
2368
6056
10808
5864
1712
7656
12640
240
16056
16088
6760
5072
6368
11072
15736
2904
1760
12400
13112
376
9472
1176
11816
8160
4520
3288
7912
12360
11592
3408
3416
7552
6920
8992
2968
7752
264
776
8480
64
872
14664
5136
7240
12792
10208
6240
11032
14192
9512
4976
11664
5696
9936
12488
14816
9736
11808
10792
4944
15216
2176
2608
8088
9960
16352
336
6688
15576
8816
6232
1680
10536
15288
7464
9832
11304
2680
1200
8720
9552
4168
13440
15640
14104
9544
824
4368
14120
9968
576
1096
7792
13960
9392
2168
2456
9448
4128
3264
15752
10360
11048
6872
4928
14256
16064
5984
15440
880
14704
5888
13096
4624
9752
1008
11856
10576
5376
2264
15776
11192
15608
6792
8768
8616
4624
6312
1680
8752
13336
13680
2728
2288
9576
13792
552
6488
12992
1496
9016
14672
11992
12696
2912
5752
13704
14768
56
3088
12896
15440
8104
12120
5848
15896
12032
5912
9584
9960
13936
9848
7256
5176
7168
14064
2584
9768
4168
5976
11264
11536
8696
9512
15224
12000
12624
1128
6000
3424
14424
9488
2480
6144
2632
8056
9752
9008
2416
13432
2584
4864
9488
9840
9648
2320
8864
4152
12088
11688
14952
9416
6840
7264
14232
11096
2880
5912
9968
2728
7048
4456
12216
11816
10600
9192
12624
848
1816
5784
2104
4400
5736
11592
14240
3912
14304
11008
15752
10008
15704
15584
984
7520
9920
15216
3576
9736
7080
13544
7008
360
9088
5208
4928
1512
14400
