864
1104
64
688
1776
816
352
1024
368
1776
736
704
736
368
480
960
560
704
272
1536
1328
1984
1472
1344
1488
1120
272
448
176
1008
784
384
96
848
1744
1680
32
1392
656
1712
384
1968
1760
1744
1680
1280
1264
1120
1472
400
416
1296
336
400
2000
1152
1328
1824
1600
848
816
816
816
912
32
928
1280
64
272
1424
928
1936
1360
1216
416
320
64
288
1440
1408
1936
1024
1936
448
1424
160
1344
48
1984
912
1152
752
1728
1968
1664
304
1040
1152
1808
1280
1520
880
880
832
1712
96
512
1776
1856
928
1680
80
1296
256
368
672
96
1712
1328
1888
1248
432
592
1584
1696
1840
160
1392
1104
80
1936
816
1904
1648
16
192
496
1184
1120
304
256
752
224
1040
896
592
992
1056
1792
272
1552
1648
688
1952
864
1712
1088
1024
1712
16
944
1824
800
1088
624
128
1808
928
992
880
624
1312
1632
400
1120
1312
192
1920
400
208
1904
96
192
1504
0
992
224
960
32
560
416
1072
1264
832
640
752
704
400
176
1760
1280
1456
1680
864
192
1488
208
272
432
1440
1568
1472
512
288
1360
512
768
464
80
800
1952
1712
1776
1168
496
1136
1632
1856
1312
800
480
544
656
848
2032
1584
1760
224
736
1904
1216
832
1376
1344
1504
2032
1856
1312
480
112
1984
384
448
864
1552
1344
272
576
512
1696
1824
2016
192
432
1888
208
1152
448
432
1808
352
1264
592
1728
560
480
1744
1024
256
176
912
1200
1488
928
336
1984
224
608
640
1760
960
416
1728
1936
848
160
96
352
1680
864
592
720
1648
0
1648
1616
1568
1952
1456
1616
272
544
1280
1216
576
1104
1152
1696
336
1904
1408
32
1488
1616
1968
16
1776
16
1680
96
848
1088
816
208
960
1216
1824
912
736
368
1568
1584
176
800
1680
992
304
1920
640
32
16
656
64
576
1824
2032
592
48
656
960
704
1856
128
1520
2032
1488
1344
1840
1472
608
160
1952
800
1408
896
1168
352
592
1040
1056
624
992
336
704
1808
1936
720
1216
1552
1984
400
848
400
1776
672
416
1760
32
864
288
816
1024
1664
2032
384
1280
1152
1312
1872
1248
976
1104
1856
1408
400
2000
864
320
512
368
272
112
1216
1376
1888
544
960
528
80
96
1232
1312
464
192
752
1200
960
400
1120
1568
848
2000
624
1664
1360
1024
1712
1872
704
848
1504
976
960
1760
400
144
400
1344
1664
1568
800
848
1792
784
1008
1008
592
704
608
336
224
800
1760
1200
1184
1648
1872
528
880
528
1712
336
112
624
768
1760
1280
1680
1056
384
112
912
576
144
1696
1616
896
1808
1136
288
1952
688
1536
384
160
1696
1376
2032
512
496
880
176
1888
1280
800
1120
992
1136
752
1392
1296
1184
480
176
720
832
1264
432
64
1696
1536
32
320
0
240
480
1040
1136
928
1552
1632
240
320
1792
1520
1568
16
1584
656
1312
1120
2032
1840
1408
192
1120
464
592
1152
1520
416
384
496
736
384
736
832
624
1648
288
928
2032
528
1440
928
0
1616
1136
1120
224
400
192
240
1856
560
960
656
96
496
1552
1616
912
1936
1120
400
1776
272
1472
1040
1920
1760
80
544
1152
128
1472
896
304
336
32
80
64
1232
1232
1648
1792
1904
1792
1888
1696
240
592
128
1696
528
1520
80
1792
944
960
272
1312
224
1232
160
1952
1808
992
400
1472
1680
1568
512
448
336
1136
1344
1856
656
1184
1200
896
592
976
1248
1120
1504
1984
720
96
1024
1600
640
1248
1680
480
704
1440
576
1744
1184
208
480
352
1392
816
832
688
384
176
176
1232
1376
416
1888
1472
880
384
512
1600
1568
144
0
1888
944
368
640
256
976
592
1488
112
1248
1008
1808
64
464
1072
624
1968
592
1840
1152
1264
208
736
688
960
1120
1568
640
1840
1424
640
48
480
272
1984
224
1344
1392
1056
816
1456
16
1232
1520
1600
160
1552
528
432
288
1424
1696
496
112
320
928
1888
1248
1568
48
624
496
96
1104
224
160
1376
1584
816
320
352
880
1744
464
1696
1408
1696
144
112
1968
432
80
1120
1776
2016
800
1200
1920
0
720
1968
1424
224
1376
1728
1392
1216
1696
1856
1792
2016
1504
1136
1120
736
1488
288
960
48
1872
1008
480
96
112
752
1264
912
1952
656
1136
32
1232
1536
192
1904
1488
1584
1360
912
656
1104
1760
192
2016
640
544
1920
928
1632
1968
1104
592
1648
1856
912
1552
592
224
1648
1248
32
1680
1616
480
96
1760
80
1488
416
336
176
528
624
368
1216
2032
1872
704
944
240
624
0
352
1024
1856
560
528
1648
320
784
256
1760
1632
1360
768
512
1632
1344
320
832
1040
496
304
384
1184
1136
400
688
1840
1344
928
1632
1344
576
784
240
480
256
160
160
528
416
1920
1600
1760
896
64
704
192
1792
512
848
752
208
464
1616
1776
64
256
64
768
1184
176
1232
944
608
1056
1584
864
896
1744
320
176
1616
1920
1936
720
1984
816
1920
1712
1744
1328
1632
1952
528
672
368
592
416
1824
704
112
1648
1520
1216
208
1520
752
976
624
448
1296
800
2032
1168
1360
736
288
1920
1440
48
432
672
368
1920
1200
1744
240
256
672
2032
448
1264
1664
80
48
176
1600
1344
240
1216
896
992
416
880
832
928
144
1504
1248
192
592
1024
1568
1824
1152
368
864
1136
1424
512
496
832
272
112
1136
1824
720
1120
1120
1568
96
2016
512
1536
1200
1728
1632
1056
1184
176
1184
1456
848
704
1760
2000
976
1472
864
304
64
368
1136
1712
912
0
1488
1632
1120
1488
64
1024
1520
1600
1168
672
1520
464
320
656
640
112
592
1840
816
304
160
1552
1168
1680
1248
944
0
1936
1280
1136
1936
208
496
384
1280
560
640
752
768
1808
624
1296
2000
944
640
688
1056
48
1872
1568
256
1712
976
1136
2016
1776
2016
1424
1664
736
512
496
944
1408
1168
336
1200
1632
960
80
176
464
1216
128
912
464
96
1904
1536
1776
624
912
608
448
1824
1232
720
1648
1856
944
912
704
1104
688
64
224
352
256
640
80
336
1472
1504
512
1600
1456
2000
352
656
1584
1968
2016
1376
864
1872
240
368
544
160
176
1056
1296
1520
112
64
1984
1712
1104
192
416
864
1520
992
320
1040
608
480
960
1136
912
32
1216
880
1408
32
1056
880
1712
880
1328
512
1872
816
640
288
1168
1344
1424
1984
512
1840
1120
16
1264
144
400
480
624
1488
1392
1760
1456
1872
1168
1440
1248
832
272
1136
48
1712
256
1920
1152
896
416
2032
1600
1040
736
1984
144
1664
48
1120
528
352
448
896
864
1104
1184
592
272
960
2032
528
1792
400
384
1744
64
128
1872
1088
768
240
1072
1728
1280
336
384
1136
64
1088
1184
592
1312
416
1088
1600
2016
96
384
304
1056
1680
224
1248
2016
160
1552
96
368
1728
1056
912
560
1408
64
1600
304
448
464
240
1536
400
1744
880
576
784
432
608
688
48
1136
1024
336
1360
1824
368
848
1120
1120
1568
800
128
736
1632
1280
1376
1184
1728
1824
400
1968
80
592
1824
1248
880
1488
1232
1776
1456
1936
640
1616
1824
720
208
1456
128
1136
336
48
1056
448
1360
640
832
1360
224
896
464
1424
1472
1664
32
1696
864
912
256
1024
864
848
1136
544
1632
1136
1264
208
320
1792
464
0
1840
1520
1600
1152
1936
384
1840
1936
880
1792
736
592
1296
1424
240
1616
288
16
592
1968
1184
320
624
1280
1456
496
1216
1792
1808
1296
256
32
1280
1856
864
880
1856
1072
1280
976
1232
32
1568
1568
656
1632
480
288
400
976
1680
1856
1952
1056
960
688
1488
1920
944
320
1168
1200
1760
1936
1040
1152
768
544
1872
512
432
336
912
1440
1904
1568
1024
1712
1280
624
1296
1136
1616
848
1312
1184
512
176
736
224
1536
800
1072
1824
912
720
1776
1248
176
448
1312
608
784
1648
832
16
1536
192
1728
1792
1824
976
0
208
128
736
1072
752
912
1152
528
1424
352
1504
256
560
1264
2032
1360
1440
1584
1280
1392
592
368
176
576
1168
1376
1152
32
896
736
32
1360
1184
768
1776
112
1680
1168
416
336
816
1264
80
1376
0
96
1344
48
1488
1472
1344
1152
1840
528
1728
16
848
1968
16
48
816
48
656
368
1232
1664
1648
1600
784
2032
112
448
768
2016
1120
624
64
224
576
32
1248
128
1120
1664
1392
144
1648
1584
1984
1664
1536
1296
336
1904
384
480
528
1264
1120
256
1424
1696
192
144
1728
656
1568
1776
432
992
1744
1024
928
816
640
384
960
240
1200
1024
144
688
272
1568
1872
1280
0
704
496
928
1840
928
1472
16
320
1136
1408
800
864
416
1200
1488
608
1968
672
800
1744
1680
1488
896
656
704
1120
1776
864
1104
1552
864
240
0
256
448
464
976
928
1264
160
1568
1584
1024
64
736
1584
1376
1888
912
1920
144
544
1360
96
1504
656
1024
1232
1520
80
1728
1712
160
320
736
1264
1264
1712
1712
480
496
816
1600
528
512
864
992
160
704
80
1360
544
1856
0
1408
352
1312
1664
880
1264
304
1488
1776
464
240
464
1728
112
1920
16
1456
368
560
144
1888
976
1664
896
912
1728
816
1824
1824
624
1616
864
1072
1744
1568
96
1568
1872
464
208
1104
1360
1376
624
576
800
1296
2032
1616
1312
1232
1456
1712
432
1744
1248
1296
1584
1232
1184
1088
384
1728
640
688
496
1504
208
320
384
1392
1264
976
1328
496
1648
736
256
416
880
1568
1232
368
1904
1664
1984
944
1024
1648
1920
160
832
1792
1568
192
944
1072
1696
1552
1952
2016
1888
880
944
1488
384
1344
176
640
1680
48
1888
448
320
2032
176
384
464
1200
640
1712
1040
192
64
560
384
1168
976
2016
1376
976
592
1216
96
512
1120
368
560
944
272
1856
992
224
640
672
208
816
1680
1792
32
1008
64
1040
1232
128
912
1616
752
160
1648
576
1136
992
640
816
912
288
1600
1472
0
1984
384
1056
160
1792
1040
1680
416
1408
1280
384
368
1216
736
1184
960
400
432
208
1488
2016
784
1696
1616
1248
880
704
1088
1088
768
1088
1024
384
752
1184
640
256
1552
1056
896
1776
1264
1520
944
1520
656
16
928
1824
880
1488
192
1664
1136
1808
416
2016
1584
112
1056
1744
848
32
1360
1952
832
1376
352
672
1728
1248
400
464
1776
1360
1984
1120
1376
992
896
208
432
48
1568
1568
1760
1152
144
1216
1008
848
528
816
160
496
720
1056
176
1024
384
144
1824
1408
336
1344
2000
1648
416
1328
0
1392
1904
1616
1344
1424
608
1056
528
752
1888
912
96
1024
96
256
1520
1424
1456
1344
400
1840
1488
2016
432
1824
1312
384
832
320
1728
832
336
1584
1264
1040
1088
1872
1376
1488
576
512
352
1136
1536
1600
880
1040
832
288
1744
1616
1312
1648
1584
880
176
1200
