2148
2641
3191
1458
715
3632
1337
1211
3825
3863
4027
1847
2919
2903
3021
89
3579
1082
3395
1659
1421
1243
2567
1423
1380
860
2496
2698
2378
3002
2530
3447
780
3435
809
1495
197
3149
284
3628
1180
215
2298
2357
1408
3373
1828
1752
3737
2969
93
2316
2370
1622
62
990
762
2434
1708
2061
568
3535
1412
1348
100
1875
2843
3974
2822
3127
346
4002
335
1452
2263
3023
2594
435
3417
1861
692
3324
3222
1453
2394
936
463
2737
1498
1506
702
930
3151
1982
3259
3051
239
3680
923
1094
966
3246
2908
2795
3494
1494
228
900
2167
3608
2342
1656
2836
2628
987
861
3564
524
1876
2030
2066
1518
2960
2975
596
1973
3601
835
2120
3668
2167
1010
1278
1398
3805
257
1204
519
1157
725
1007
597
2381
2248
3225
2702
3109
1403
2807
1233
3433
741
2751
2218
3297
2155
4001
1294
2776
2071
3230
190
3081
4089
1208
2790
3846
4092
2690
1407
729
1683
391
3529
3931
2834
827
2944
2246
1980
81
2513
2302
1264
635
2593
3205
1149
209
1466
3220
657
2440
2624
3432
448
2778
414
3652
4008
574
3811
2014
965
282
1849
2227
3132
2980
3719
1016
1197
1541
778
352
906
3371
2853
3853
934
3873
3882
142
1879
1686
806
1769
3728
1639
2771
4059
1065
2029
1977
3996
1747
270
2127
2711
3250
2011
1982
2462
3626
1204
2814
3660
2586
4057
226
2444
157
12
1794
2374
1674
3019
3630
2054
562
2305
2017
1627
276
102
1727
1890
4049
400
505
893
2485
1477
3355
2081
2262
2023
2032
3772
1643
1806
2120
2610
2302
4003
888
3468
984
1354
2682
422
532
1022
1205
808
920
2932
3014
3129
2532
2090
2279
3630
3567
2558
1549
2363
4030
515
2687
1709
2805
3110
3195
1011
1079
1789
1639
4001
3562
644
327
3030
2430
3218
1874
1510
3810
373
124
2246
1633
1941
1384
2162
3693
2514
3248
469
2097
561
1918
1225
425
2819
1860
1504
3165
3898
2497
397
842
2824
3427
1588
1946
2543
998
2232
1180
3222
433
1283
1067
951
1298
1051
3465
1950
2576
949
1585
3279
3820
2429
3636
1584
3933
3625
2710
1855
3228
544
969
199
1964
1600
2171
715
3464
3351
3937
3897
2487
3607
3365
3785
2556
100
1835
3060
3047
3420
1853
3323
1753
2284
1938
2087
2283
772
3864
3570
3449
2895
3769
1485
399
1844
1896
3910
2578
1622
13
91
1985
744
3694
445
3671
1433
2615
2622
757
343
1828
1167
1469
330
3254
344
1102
3486
870
2347
591
778
3413
227
3030
2579
3683
2584
3139
400
2493
1154
4021
2091
709
3746
3524
2905
2272
3492
848
3652
3533
1779
774
3817
1973
2295
3207
1522
4044
3798
3352
3465
3571
2286
467
3158
3379
3606
2339
886
245
2264
1624
954
2614
1052
237
3754
2440
3011
3575
1093
3402
1295
1372
2398
3590
2261
876
139
1118
132
3604
3503
1678
25
3332
1701
934
1575
2168
689
257
544
265
1739
508
3705
1397
2583
1476
1918
3676
2895
3632
2725
1197
3126
464
2023
2987
2514
1891
198
1756
3569
3923
3104
2287
761
2567
3977
1450
1786
425
1604
3525
4013
2101
826
1430
3471
3163
2665
3520
2699
60
3475
2367
3572
2694
3057
1687
803
841
653
3185
668
3757
1376
2248
1190
1495
798
2976
3026
3290
1691
2943
1295
865
3954
1501
2298
1289
925
901
2747
2969
3049
1873
275
8
536
3987
833
1189
3076
2595
3246
356
3349
2040
2245
2970
3176
1175
320
3325
4074
1196
2879
3976
2697
1081
2927
474
1695
2518
653
2742
124
4055
2750
3436
68
1917
2268
1088
3680
3118
3364
3352
1481
2977
2226
1695
4040
1906
2047
78
3386
3264
461
2109
2183
3388
1094
218
1289
2349
1572
1413
2390
1178
2073
2322
1001
245
2862
3092
3782
502
3836
1167
2475
2486
528
1565
296
2575
2190
1425
1743
2367
3534
3507
2437
2440
807
1148
2984
2798
3831
594
2476
1339
1949
3040
3002
715
52
2688
3890
3888
241
2269
1402
3746
285
2990
1171
2475
319
153
108
3920
436
1551
1480
1243
822
3728
4041
3009
3553
1984
252
2492
928
3169
889
3220
1761
1095
3012
2157
755
3778
1589
1040
2672
2760
3515
686
2607
473
3586
3043
2072
2106
3487
1250
1939
554
3840
2482
2538
4092
878
3466
923
11
246
2839
1525
2766
3196
770
3084
3407
270
7
647
311
679
1717
3312
2907
1326
1288
3179
2161
1977
3074
1188
1863
592
2746
2237
3810
2957
1733
144
1385
1106
1669
962
2090
2439
50
1317
2169
57
1964
1616
3474
415
3264
1811
1936
2120
3621
4095
3953
1497
1189
2006
486
3516
650
3324
2377
2383
3468
992
1277
1041
2142
3367
616
2611
2046
1553
1428
86
63
2465
3176
3201
3442
3080
2596
179
1017
2739
899
2309
230
1385
2889
3676
2157
3584
2803
2366
3616
4080
2771
2081
745
2574
596
2791
31
3264
1391
3709
1633
1785
508
2706
1295
3104
2885
3399
2768
2110
3006
1558
3495
1799
1138
2959
1785
1665
593
2265
1649
732
184
904
2254
412
1887
2292
4095
496
2679
2464
2234
1925
3854
567
514
550
130
1842
2660
3136
3400
2456
839
442
2777
946
2873
1912
1304
2872
2916
1120
320
655
1951
1889
2459
2146
1393
3876
3582
3627
1705
3949
617
1877
3693
3609
4061
3063
3068
3365
3489
189
289
3384
3380
2584
1472
3508
3808
3969
2388
32
3568
3659
1857
2987
2583
3669
1329
2678
896
3720
1565
2583
1920
2934
1581
2141
2195
2609
991
2007
1298
702
2719
3514
1229
1666
2926
1517
2303
799
2192
2831
1236
335
1722
696
762
3703
2114
2857
3327
417
2752
1151
745
3859
3525
2940
1250
1562
3245
1129
1832
3989
3549
1035
1559
3054
3195
744
243
2805
3575
3103
1626
1201
297
1969
1594
2279
888
1733
1400
1864
3303
1951
1682
1364
1408
3664
1170
1837
1561
1094
1944
2407
1710
3711
647
3287
1129
3692
2100
608
1397
370
2287
2821
2497
693
542
3385
2845
1735
2156
2044
410
3838
3408
1818
174
1858
400
2780
3332
1544
3005
3150
1510
3652
1755
2639
4056
241
1268
2739
3066
541
2632
569
571
1671
861
680
690
3017
1372
2996
1337
2060
759
1163
3918
359
153
3510
2193
938
59
683
2714
1696
1537
1422
3060
3827
3612
6
3286
2148
3521
3857
277
2660
919
3129
357
453
2486
3116
2513
1727
2562
2335
2728
1687
3340
3561
330
3399
567
1052
1703
3126
2893
3429
2857
3377
661
2047
2867
3591
2227
1925
931
1308
1204
3227
2180
1282
111
597
3009
2673
745
3815
2691
1501
3931
1075
1898
732
2127
495
3858
3172
591
1477
205
1252
3526
2243
2339
2797
318
1245
428
1522
3720
1488
3917
487
891
908
3579
2460
3888
888
959
4053
2133
2857
689
6
1315
451
2759
724
1026
2554
3568
456
3395
1392
2760
3077
3949
908
2122
3867
1700
2153
716
809
2851
3897
408
1037
3009
3545
994
3050
269
1683
3463
2512
2134
3392
1788
1108
1850
2316
1071
2132
3172
3831
945
3319
2923
1177
3090
527
976
1955
2760
1456
2340
928
3677
250
2198
994
2800
1629
2677
2167
4051
1134
2871
2263
1854
2656
4043
783
692
1396
3048
3843
2173
1875
505
498
2402
3625
1643
61
985
3983
989
985
3733
1209
4087
2856
420
1410
3169
465
3820
121
1798
1711
2535
1326
2494
3227
4026
3123
2974
2243
1248
617
2351
1573
1507
3388
1634
3574
3694
2623
463
765
1833
3642
2091
2253
2651
659
3137
2375
3558
1339
664
1023
4083
1411
2204
4013
3658
3014
1351
2410
4050
394
3983
1461
105
2575
1983
297
467
2157
1062
2300
2611
2648
3639
40
3307
502
2834
3845
1256
3498
2822
2827
2087
3166
1771
2447
2084
420
3714
2058
3282
269
3499
3177
2209
1805
3474
2676
3744
4075
880
1133
2669
2759
1592
2216
2842
330
1629
1586
268
3741
317
2238
1285
1454
209
3297
1874
3923
840
989
861
1437
70
3070
368
971
1650
16
950
1566
1568
1719
3867
3160
497
1025
606
1132
561
3222
2609
459
1364
2772
995
1574
1973
3288
2349
1283
2299
2608
265
1867
1582
633
3200
864
1068
54
1666
2636
2431
1856
2396
1168
2881
3002
2300
2739
220
3787
2280
2093
2463
3275
519
79
2467
2868
1362
3426
3937
1627
3318
2355
2679
2422
1296
349
1201
2962
2287
2866
3374
109
3615
74
985
2277
2665
2891
1091
849
3208
542
28
1407
3475
1182
240
1694
512
3697
4029
2806
2140
1484
2545
660
2263
350
1375
454
2516
3443
3751
2061
3369
1330
661
1938
1142
3666
2787
2030
3984
862
3018
1152
2052
2778
542
1540
2379
3487
669
239
1674
1876
3616
3507
1526
2241
2634
4042
1588
1807
1562
1280
3556
901
3218
2414
2765
1768
3712
1219
1466
1462
67
3518
2780
609
962
3695
799
2465
3515
1623
3851
101
1884
2325
2342
422
1298
166
1804
1236
2982
1264
335
655
3678
3100
2983
4062
1881
353
2249
2233
225
3565
2472
3359
1351
3271
2787
2164
1648
1554
2033
3113
1190
279
561
108
3983
2365
1128
2450
467
2633
2301
885
467
1188
3596
2348
2555
2749
485
1316
1878
1568
2053
867
3353
3352
3031
2124
3705
3098
989
799
719
428
691
187
1740
1819
1459
1889
814
3760
1423
347
3244
923
2001
2393
2270
2905
387
52
1337
2430
3700
594
2829
3427
1378
1658
90
1729
859
629
2376
168
3280
20
1651
643
2227
837
3789
3292
3606
1159
119
1605
3552
2389
2796
931
1236
2637
2942
1632
446
3983
3133
2272
1771
3223
324
2630
3013
2044
2798
2197
2072
1147
837
3893
310
3566
3508
3916
3048
469
2671
504
2339
294
4088
1103
2931
2950
3567
1611
3063
2604
3016
738
1946
1404
728
1067
648
2070
3264
2720
3217
1669
2923
569
2316
585
3347
732
535
3420
228
1222
3714
3860
119
1128
3186
648
1357
2153
1956
2437
1205
10
3841
1933
1077
3193
3959
3432
3623
3354
3091
2065
2785
2785
1446
2036
3517
911
2293
3326
1963
2675
3562
1844
293
2233
2900
2027
3806
3571
3686
1334
515
3522
829
3115
329
547
1645
563
3901
3456
2628
1925
1726
1182
111
2949
3406
1692
3719
2653
3532
3520
820
3825
2439
2016
2298
2149
2605
2627
613
1395
895
3073
2376
2872
2526
4021
3435
1375
565
2129
550
1161
528
3238
2207
162
2550
1830
1281
1986
1690
3635
1962
3347
1974
3932
3317
3465
1633
2704
764
1568
1681
3140
3333
3985
1031
3994
845
47
2488
295
1208
2136
3533
3097
2122
564
848
3255
1422
1558
3297
540
2726
2773
285
2149
2142
2178
555
771
4027
1441
2369
832
1330
2339
3162
1921
2386
3422
2051
502
1286
1488
2176
688
2044
1072
3524
3885
1466
1371
751
2836
4048
1036
3207
2190
2535
4011
2677
1630
1356
3985
1634
1410
2228
700
3750
3578
955
1699
4080
331
3885
1904
4034
2674
2976
634
1633
2167
2005
2384
907
2053
1095
1377
147
2656
1292
2111
3906
1448
2096
2652
2858
132
2144
1584
650
997
115
3430
1747
3351
1657
2287
3419
3559
2443
2310
1630
352
3498
2118
2405
3599
3495
2552
943
3405
441
3343
3339
1559
2197
481
2405
174
1646
1755
2925
1531
2588
1178
786
931
3465
1463
394
1022
3773
1605
3426
144
373
2361
3455
3122
610
117
3813
1051
636
1040
89
1682
559
2316
2240
1087
394
3027
2199
1902
1828
1111
3125
1197
67
3519
1800
3706
3068
2470
3562
3441
3780
1594
3777
294
2385
602
2751
3021
2454
1256
2757
1476
3991
517
1533
3807
3963
666
1905
2135
864
934
938
931
3739
862
1321
3130
1183
1822
1621
867
3868
3213
2935
1483
281
2506
1538
1780
85
2458
3792
20
2155
1837
3827
2074
2506
2460
61
1642
1526
1418
3385
1169
3540
610
3893
2357
1212
3097
1490
2656
1882
3767
43
1933
2596
1076
3713
1415
3534
79
2661
1379
1919
2930
1062
329
1294
1123
1971
2820
2541
2682
107
580
2072
3581
1159
1231
484
88
3887
1730
241
253
3663
2355
3273
397
3156
261
476
3601
2456
2395
2435
578
1372
367
964
599
1643
3505
815
1331
2925
838
3280
3689
393
2796
495
3912
430
3842
437
3
1068
3710
400
128
647
3639
3892
1868
2852
2231
2446
1061
1813
1482
1660
3456
2442
426
3405
1271
1264
1507
1678
3225
2807
2173
687
2377
1250
3927
1961
2318
3879
1735
1650
445
1278
1446
2313
1155
0
3433
2216
2283
1726
220
2923
3380
206
1445
1987
1470
1144
4084
2341
1244
1935
2609
3621
911
2440
2610
1407
2657
3428
662
3102
1946
1988
2777
3305
2108
1563
2671
3801
3289
3310
459
2573
3104
1904
586
2053
760
3498
3808
2004
2114
2897
2986
2893
1241
2596
1905
617
1928
2567
2485
3659
579
711
1228
3106
852
3874
695
45
3532
1154
1478
1556
1038
892
3599
697
713
3468
2789
2695
1827
2417
1492
3091
498
3397
1622
1670
2228
3233
1989
1230
152
3754
1876
3092
120
1181
1049
3412
3650
429
2240
1484
1740
2772
1915
1643
696
2803
3044
1131
2972
1552
2136
1622
2264
338
467
4060
782
1522
2902
3162
1864
3414
1519
1984
1814
2568
2668
2728
1720
3703
3980
4076
1717
2716
2473
1683
4009
3525
1282
1211
2123
2823
1682
3955
935
2149
3500
3943
627
3498
3734
818
3593
1881
2802
2785
353
3141
1417
2023
1348
1533
2043
3065
153
3676
1382
4030
151
2664
3370
2241
2705
956
2382
4059
991
1118
116
364
2799
246
1182
794
2127
531
2105
2035
424
3408
4058
1772
845
2424
3355
2679
2844
1973
1483
984
691
757
1257
1663
2383
3639
2396
722
2940
1584
777
1643
2685
3691
3247
3538
3970
1256
1503
3798
1944
1122
2070
1099
1302
1285
3778
50
3258
1876
934
1110
1119
3773
1323
1013
285
3719
2361
3225
1961
2512
3324
724
2526
1621
2395
1444
365
198
2773
2517
3172
703
2678
378
2407
2155
3249
1569
3817
87
3637
840
655
1782
173
940
2691
1769
4027
3959
3353
841
3509
3269
1634
2288
1852
1269
2905
921
2848
1981
1624
1430
1318
4031
725
3625
1923
1004
558
2382
3513
97
487
3340
3059
2204
1013
1106
1755
149
1947
1335
678
313
3143
1566
956
238
1609
3804
2162
3662
3377
3252
3727
4090
373
1804
2667
185
3099
2012
331
1484
2768
2728
720
1922
1203
2642
2323
744
119
2451
1476
3024
3630
520
2843
2075
2865
681
2455
512
3933
853
3578
3560
2657
1947
3745
1660
137
3414
176
1046
2469
477
2968
1266
977
645
2086
3000
3096
3486
2168
3562
329
675
2974
1560
1356
2763
2024
2903
3616
2590
657
2338
3236
3983
678
3373
795
3175
323
832
444
805
434
2675
160
1233
2517
2517
2253
589
2113
2582
333
3105
4050
3073
2743
2118
2299
873
3065
1642
1465
1891
2341
2562
1482
2969
3483
2710
2137
3927
581
2990
2844
2
1757
3769
1577
4010
262
406
1181
3501
1004
2961
9
349
1402
2290
1222
2433
164
3434
228
2010
872
2842
3213
1485
2640
1076
2442
1294
2182
3694
1292
3671
3367
2869
4004
467
1633
1273
547
3467
2408
538
3118
3090
1268
1781
1427
2664
2977
2441
578
2105
3276
2635
620
1820
804
3062
526
2718
1436
3330
2712
2165
3635
2620
2632
2421
1347
2085
2304
1061
2549
2863
2448
2815
3548
3875
3828
1667
2243
846
3658
1423
2726
1058
853
566
4072
746
1944
2684
1512
768
3577
1470
708
1983
205
3457
317
2509
4093
1230
1276
2445
470
1824
1872
738
605
19
1584
1043
2654
214
2101
170
352
1971
3520
1877
3383
2008
1109
2864
3558
2698
3634
743
759
3951
1263
3334
1375
13
2413
3191
1418
3866
3929
813
211
2260
3447
812
2050
2750
3114
1979
2898
406
3856
1911
2414
869
534
2533
1829
996
820
1489
2955
2013
727
1580
1607
2829
3002
1071
1037
3169
258
826
2763
907
2458
1136
4076
2620
3253
2918
1070
3493
1007
3171
1472
1541
3458
3320
2537
1458
1831
418
136
2992
2417
1743
1725
585
672
688
3754
3682
3815
3524
912
2739
3532
892
3558
3817
2026
1608
3214
3033
683
2354
4037
1321
1578
1500
3198
3409
2337
3062
2
3438
1319
2369
4023
3449
1262
415
3863
981
157
2951
2338
407
2059
1800
128
4085
227
3342
1493
910
1407
1434
1446
3925
1162
1752
3161
2921
718
3159
2263
2037
1432
1906
2684
1402
1356
2917
3675
2583
385
1498
3409
2422
3298
559
1244
3071
894
3847
1742
513
1683
3188
342
3575
1436
2819
1981
3378
1882
3948
2777
1201
1919
93
2603
821
2824
3443
3404
3209
2151
1379
1954
2743
2577
710
4005
2413
959
1651
1900
2642
3353
1558
3163
1917
3958
2914
1199
2352
1453
1578
543
466
2425
1617
3741
2943
1826
337
3411
325
1297
2639
2418
2816
3349
2509
1133
212
858
1063
1242
115
3601
2175
2032
357
574
865
2414
3217
1653
2225
3683
18
3842
768
1554
2016
431
1857
2341
866
782
496
414
4061
1091
719
3849
3910
344
995
3795
268
3170
2752
4007
352
2209
2325
1231
137
519
2452
155
773
2412
2697
3272
3262
458
3165
2396
3772
1427
3229
359
3341
2510
606
941
3273
389
1242
555
956
3994
644
2788
2204
2100
1138
2067
1477
3590
2184
704
759
3730
1528
1593
824
178
3293
81
2847
4032
3818
2092
2865
2793
1151
2054
3182
3586
1487
1870
3688
3253
499
2612
1153
1637
583
1466
2965
1182
2915
1890
2548
347
3483
2372
3571
2261
1643
1143
2325
2340
949
540
3643
2415
1514
3635
1171
4069
2750
763
2861
1845
1828
4014
614
1245
1967
517
2427
3148
2108
3975
1295
1375
1832
2695
3636
3907
3838
2650
2151
1207
906
1698
2888
2001
2578
4059
2028
1232
3789
3303
3483
1961
3804
1
716
1675
516
1292
727
1592
1171
568
636
1093
1969
3000
1323
2227
350
622
3015
837
2601
2289
1258
4073
2745
770
1209
1658
2952
596
3793
2660
3499
3077
239
4015
273
966
2004
3071
398
1368
4028
2944
3824
2705
717
3893
1188
2298
1040
2683
410
3878
2660
3155
552
227
2599
1696
369
2296
3132
3130
2819
2893
1047
2965
2169
3139
1940
1110
1771
2088
2262
1918
278
2551
2381
3186
3424
675
503
1082
893
2157
141
3755
2166
1638
3160
1797
658
4068
831
2161
2446
216
1030
3819
3774
1126
1387
1449
2795
3649
729
1023
679
3110
2163
4089
2435
2666
1075
2554
3587
2880
782
2675
2854
2378
376
2196
1690
1207
3835
40
991
2386
3994
2783
3512
1285
3541
1885
3677
3922
2908
1098
1231
745
2991
2892
1921
4066
1769
2430
1186
987
1009
56
3365
1385
1956
2421
1504
2401
2042
932
15
2156
3715
3078
3225
3922
1193
3644
419
2134
646
1650
2879
1751
446
1377
2315
2215
1053
3501
3202
1643
651
1625
1068
2607
3627
1105
3883
2523
173
3868
583
3542
2850
1454
4057
3624
1771
3638
1490
1679
2108
2707
3749
2554
1330
1434
3004
1964
2486
198
489
1835
1008
2539
353
3557
3644
3956
1984
279
88
1529
144
2343
75
183
2225
2250
641
3361
3844
2749
1972
3497
2889
2883
3261
2299
3345
2445
1180
262
191
1908
2801
3552
2727
2166
684
743
1651
596
1824
2589
2939
1749
2772
714
322
3413
4075
3522
2030
2564
1173
3692
319
3758
2201
3026
2408
715
2764
2217
1473
37
1673
3992
1967
989
3249
3199
3703
3119
610
1969
951
2581
1255
629
2198
2401
55
287
163
1118
3979
156
1456
2318
2870
232
2912
1538
2111
2657
2595
3658
2342
47
551
907
850
1363
1793
240
764
1352
2821
3605
723
3054
2186
3428
2767
2349
1786
1212
2193
3242
2990
967
667
1806
2505
2778
432
3767
1299
2774
3814
1850
1867
2964
883
436
2724
2449
1788
516
3359
2511
2538
1449
3179
1209
3975
869
3
2314
434
2993
3700
3863
1122
1987
1085
3406
2438
2384
2012
2720
3539
145
244
3770
1000
2549
1554
1308
2033
2291
2474
475
3254
3391
1684
721
1993
1681
2084
2427
2784
1616
1902
1662
371
817
972
2486
1986
1040
1110
1553
1604
2811
2217
1492
1264
3433
1296
799
2468
2918
324
2045
54
1360
1324
1939
1055
3336
270
1729
856
2464
2972
904
1647
152
3390
3633
1611
404
2016
881
1689
3476
1723
3671
2813
3019
1224
74
2260
1548
1977
2206
3908
653
49
1243
3102
3777
67
3958
1313
3039
766
334
2887
4036
290
2820
3213
2370
2157
2572
2990
434
3416
3500
3004
544
3426
1168
1585
2789
722
1397
2136
3423
3831
1142
354
198
2673
1667
2841
1907
1333
1632
2668
3053
2489
3551
1746
3546
2027
640
3531
2749
1236
2439
1786
1906
489
725
3497
2885
672
942
1884
3689
200
1858
209
2473
191
3050
135
2954
3929
1293
2330
1440
1838
20
3206
189
620
3771
2141
2275
1332
3927
85
1821
894
2993
3032
3874
3935
3276
234
3735
3058
25
2403
2867
1490
1558
506
2773
1245
2836
1333
3503
2816
3653
404
3436
3795
1551
2481
1031
1720
1977
1663
2614
874
2727
3255
713
1770
3489
3744
3364
582
2045
916
3188
493
1422
2231
1738
3934
3198
1145
1118
874
2936
1778
2921
2711
256
3952
754
2375
2289
3368
1501
3239
2527
3308
3183
2176
436
1645
2339
1190
729
2665
697
693
2877
2636
3241
1979
2605
263
1105
3765
1622
4026
2799
1366
633
543
3087
1656
2825
2510
799
2421
798
2384
3595
362
2938
1256
2544
3667
244
1830
1541
1463
3726
2396
516
1861
1544
2894
1773
930
2964
1026
436
3597
3613
3523
2360
788
1013
2535
887
1811
3828
3291
1923
2670
2035
3306
1855
2305
3056
3396
3768
1410
2115
3671
825
3525
1627
3148
1501
2759
78
3031
2839
3535
2458
479
192
625
3014
3017
1186
1350
1884
737
2776
3828
2569
3142
2573
3609
254
2664
923
2369
2239
3775
2940
3484
627
345
1949
130
1410
3206
3665
1048
1369
623
3673
132
1975
1609
2614
91
3643
3515
3919
3022
2561
3169
1980
2307
1737
1057
481
120
2718
3421
3604
2926
4007
1655
3056
1499
2126
1471
3226
3495
2513
3649
733
538
743
1462
447
1196
881
1043
3974
654
116
2238
1653
1853
762
1172
1733
3480
2668
1871
1786
1339
3526
1270
3936
1556
620
3066
3560
963
1896
197
425
2943
2831
4074
4053
2146
3031
165
2604
2915
2112
2726
3034
2746
3898
671
1966
1230
2896
4021
2569
211
1195
2106
2329
575
3136
2303
1538
936
1687
2133
2089
1144
2574
2050
583
3639
2300
2075
2953
316
705
81
1666
4008
1171
464
2778
4067
3707
3468
240
1165
2734
2508
2356
1774
3891
2859
3129
1482
3370
2974
4015
2248
3587
502
2286
1791
1519
2953
2107
1233
1062
323
2951
3987
3309
173
499
3339
455
259
1922
907
2767
434
2810
3391
1671
319
2187
1364
2655
2106
884
3164
1488
926
1373
670
217
734
3533
3236
3685
1708
3345
4053
1535
3844
714
2409
426
2636
2594
903
2202
1308
1608
112
989
3376
1252
871
2710
368
2293
521
1713
3247
3947
1496
2513
3682
3460
1683
2122
3792
2456
3657
52
1742
2126
478
894
3891
6
3096
1513
1614
888
2083
3202
1956
1212
2235
1169
3505
1340
544
1440
1489
2040
3442
1075
3095
2337
1047
697
3977
3488
645
1861
2997
252
967
1304
3850
2129
1279
