4228
497
6595
1980
622
7552
3748
5024
129
2682
7870
7840
3854
3081
5712
8027
2121
3865
7375
7565
2123
2250
4580
3153
5999
6658
2792
4566
7606
3681
4518
3642
3184
5271
5891
3806
4200
6049
7554
4329
539
7232
5320
2676
3512
2840
2511
5633
1025
1694
6260
7094
7636
1680
4251
6555
146
7043
6203
732
5660
1046
3549
2476
1875
5850
1330
2117
3707
5585
2851
4246
3567
8171
1570
8137
5373
302
5578
5759
1996
4546
4661
7391
2866
7963
5754
5472
7272
190
5565
5941
856
2016
7967
1019
4358
1744
7733
651
4351
2392
3595
7918
5821
5804
420
3002
5502
5158
7623
4686
27
4591
2705
2893
4362
906
1940
5282
1096
7505
3031
240
1329
2617
1259
2505
7319
800
1854
3478
5000
5449
4988
5563
5131
3624
4992
7821
7297
2631
3676
7324
6232
971
2025
6322
65
85
2773
1031
7420
2388
1271
7635
7963
5023
6244
7090
3969
4390
5816
7800
1698
1973
5171
4759
6541
179
2423
7436
4743
2093
112
6703
7070
2552
3998
6496
2637
1225
2727
4048
3613
3555
3491
4023
386
6078
5271
4609
1688
5936
5001
3386
4229
809
592
2578
7204
6361
7009
3755
7930
1295
1627
6808
1257
2371
5112
4533
3596
1746
389
983
2891
3880
5152
5687
6426
1592
2104
4099
3848
1726
713
8077
5657
8071
5729
3523
6240
4546
407
6502
3890
1220
7859
5147
7041
3413
1488
3445
6525
6315
3764
4558
1796
7443
7063
8162
2341
2594
4129
6189
7324
4203
2118
6525
3868
345
3002
5637
4840
2595
7327
538
4377
1198
2507
2664
5250
7812
6109
6917
6695
6486
3922
299
5737
5399
7882
3396
199
3819
2793
7523
8022
7517
7194
3515
1020
6827
7232
4372
4232
95
4358
1056
1742
5702
6584
1200
6082
1114
2475
4585
7600
1447
3947
3047
3313
3935
7843
3114
7754
2444
5048
6945
3119
6046
5924
4139
3511
3228
7872
6832
3323
3514
2416
1581
1024
808
5411
7106
1922
3575
5332
6862
5022
1087
6475
1709
5344
1368
7426
2410
4380
4282
7029
1261
2136
3431
5953
736
6659
1919
7568
7041
5433
5152
5460
5818
4344
3318
3460
6409
1299
7592
453
4469
6505
1531
6071
1161
2899
5305
2932
6072
6797
4097
3381
3531
1305
7050
2795
5354
7415
4773
6505
2621
6459
406
3197
5438
2912
263
971
6579
6690
7674
2856
5003
7179
3215
2667
3273
328
265
1153
1723
3832
2228
5893
3055
4183
496
7770
3232
3638
2109
2339
5371
1703
5536
2617
3577
4634
1646
1964
3132
7703
4011
57
1502
7226
2724
4775
8191
2459
2264
1724
6930
3061
7617
3875
948
560
3895
4012
5114
7045
2480
257
556
3056
2235
2382
7690
4311
3846
5562
4370
335
6258
2959
7530
7402
1816
7531
3888
1087
1063
5566
1974
1127
1691
7166
6505
4947
3154
6801
6094
5634
1648
2654
3217
3883
7920
4473
7125
4757
6464
3303
4422
7986
344
4432
584
1521
5093
3720
7758
3391
7098
5784
5928
6046
4758
7615
7093
280
6224
3197
2199
3616
5851
7174
1332
6762
4737
2399
4865
6465
904
7749
1933
609
4236
710
6062
7055
3762
5628
3664
4885
3220
1400
7031
214
823
2260
7698
7047
2735
5499
4070
3116
1675
2790
6506
3701
7801
5013
6218
1295
5209
680
6288
973
8162
4034
8028
3732
6598
4053
7039
4814
2653
8184
3592
7001
2268
4745
2336
467
2052
1734
3288
1016
1056
3218
4717
6745
2434
1501
2103
7643
7371
4185
7768
7341
7402
7932
4672
5808
4399
5825
355
2385
3014
3947
6998
2910
7394
1142
5454
4703
6961
7642
3687
8017
5524
1030
633
7958
7721
5456
783
7539
6743
7833
6688
2239
540
6176
2930
3253
5022
3285
868
156
960
7866
5126
5795
8015
2388
2306
1054
2938
5993
6963
909
4963
596
675
5434
2140
531
2105
8140
172
1240
2187
712
4936
7449
1902
86
4028
2770
70
2429
6387
2497
32
1982
8083
2338
928
4724
8053
301
4377
3090
1536
5052
5848
7588
5583
400
7536
1798
1640
6022
1086
4896
6765
5204
5621
1962
3073
2641
4391
1268
3054
3769
714
3584
6761
6550
7052
6900
1341
3237
3810
195
8095
6154
230
6319
5754
7766
3671
4078
1744
3435
1421
4382
7106
1150
6344
4033
4401
5649
2765
8094
1226
3479
4706
2657
3071
5846
3949
6462
2609
139
5628
2512
6015
5398
4385
2938
2368
136
1140
4751
4210
2561
369
5296
6781
5975
6929
6451
326
1502
1839
900
3211
1647
3557
1910
4199
686
8012
6808
547
2384
7064
1630
5178
4874
6884
8185
3454
471
4744
528
5160
5113
3424
3110
7330
2161
4851
1188
4529
1502
7904
452
3149
3269
5830
7142
5609
1903
7858
2036
7711
7398
4526
1894
5668
5195
1901
6617
3468
2843
2103
1692
236
4888
3390
1098
1143
6731
2286
6311
41
2574
2333
3190
7497
4056
2140
4914
2233
2474
5314
5478
2319
7404
7372
4843
4407
7111
3268
939
1762
6388
6200
1526
5108
6794
7764
6251
7616
6334
3822
7575
4432
2676
4446
3737
6812
1606
459
7339
1507
3337
3567
3826
1910
3166
477
1875
3945
4384
6617
1846
6188
7775
320
5088
981
7445
1163
6635
1111
2020
5379
4904
656
7259
449
7468
5653
7923
8063
7160
3606
3696
2794
2676
530
4282
3002
5114
102
6765
4924
6290
1844
2948
1202
863
4497
2365
6859
4969
345
4046
1681
1001
4979
6062
277
674
5793
7786
281
2826
4741
3075
2690
5271
1207
2500
2193
1105
7119
2731
5185
7421
856
6387
7197
4551
6993
7854
7774
6648
4484
2099
3184
7697
3590
3461
179
2203
4506
460
3163
1055
4018
2978
6326
5225
5478
966
2501
1002
6427
506
6419
909
1672
5424
3911
473
2430
3863
7121
2054
5789
4255
6633
1187
8029
5815
7176
3523
2837
6684
5724
7011
6722
3858
5767
1244
3368
3266
2246
4494
3772
4812
5403
2748
2044
1122
2275
253
3380
4207
2307
5783
48
4505
3596
7981
6882
5612
3312
1527
4088
5780
985
5574
1283
4782
4969
4651
8048
2723
7239
4564
7535
2475
241
2026
1353
6158
2279
3459
6019
3606
2324
6706
7293
1272
1275
411
3213
3948
1755
891
6656
2740
1088
5373
6150
4311
6831
6294
1588
7784
2666
1606
5309
2425
420
4875
3094
2699
1416
2925
7285
4379
1439
7561
5085
803
7972
106
3145
6217
1424
4681
4715
7856
6861
5519
3975
2692
7417
5563
3100
4080
7169
6622
6505
6749
4887
3411
4142
4721
6975
3874
908
222
4505
4654
7167
3467
3644
2120
853
5972
6162
3862
1884
4831
1018
5859
2139
7949
5601
961
4355
1568
609
5403
514
2696
1992
4656
136
3209
338
7420
5844
4843
5426
6869
2015
2421
2804
1162
201
7418
5024
7148
5605
4186
6903
7744
4402
6890
6783
8145
2231
6753
2836
1717
4057
1483
5253
3999
6466
3916
5410
4118
7625
2644
4758
5610
3127
630
3744
2287
8048
1215
3331
2443
2971
2042
5301
6761
2705
3892
6075
3256
5739
4953
1539
5871
6436
3714
6320
5349
202
4654
6917
6784
1371
4709
4202
3694
2853
8011
1407
2997
6796
6268
7638
6617
3327
5855
495
6032
7276
5580
5416
4823
7565
6955
7144
6448
3241
2281
4587
4082
1257
3312
2702
114
6156
1288
4219
817
1469
5626
5017
5327
3851
3729
1929
7178
7439
2424
3174
1669
5036
398
3154
4409
7353
2745
5527
2402
7728
6270
6484
6471
4595
3782
5946
2559
2483
6465
4816
1014
4293
6551
2490
48
6743
3773
7130
2202
1349
3956
4321
3687
4634
7475
96
4397
6164
3208
6836
5700
1286
3064
4852
4883
6835
7098
2324
7066
5371
413
2140
1078
6964
350
1765
221
3423
5365
2423
4772
490
6294
7107
4144
1820
542
7806
4344
5526
970
6979
3952
4158
4553
1282
2677
2545
4586
4389
7916
3193
2888
7390
3132
4954
5625
3353
454
2159
3055
3874
2649
4953
3428
6697
1419
5306
1881
3068
2640
911
6337
6880
2484
5494
2594
3031
8039
1353
133
429
6352
5437
373
6900
5993
3579
4186
1745
6772
7241
2768
6963
4002
6196
266
4970
890
5406
6290
6442
4495
47
438
1213
5447
5397
3309
5294
1442
3442
4865
3282
7505
2954
5563
2886
7567
1377
3992
2045
2328
1224
7376
1674
4972
6471
4896
2330
3685
2994
4080
12
2947
3674
6328
202
6469
1445
5496
281
3305
6023
4552
5574
8046
6269
7924
7713
3300
3932
3163
5628
5484
4213
3954
7680
2492
6611
2842
2015
4575
6922
5526
8161
5583
4530
171
3860
3085
1886
4218
6390
283
334
7376
137
5935
548
1255
2635
5119
4418
2993
365
205
6947
7954
6544
5366
5112
367
152
1171
5159
183
3780
7563
12
80
2456
1898
4298
7538
976
4228
1470
7353
1707
2657
416
4342
7776
3358
6843
7411
2514
3233
7173
4162
2133
4732
4397
2285
4631
8069
5724
219
7440
6351
139
5849
3739
3394
2997
4715
7622
3086
3277
5276
429
4499
934
7347
974
1054
6566
6652
3905
2006
5702
6038
5466
6887
508
1905
6764
1960
6068
1541
3801
2263
802
6901
5657
4393
4768
3744
713
8045
1532
284
4007
5726
7631
5159
1412
1548
3619
5317
4638
6109
5668
7364
4804
2016
2733
4177
4216
3335
2474
7138
7120
3276
2345
3946
7075
1079
202
235
7605
6458
7673
4594
4200
7595
565
4973
7241
4008
6094
4505
6091
4622
5333
6905
1554
126
5464
6409
3461
2990
7463
4533
7906
1616
7605
8000
537
385
43
8142
6843
7630
3548
3282
7033
4113
1691
208
8087
4403
4297
5986
7772
6754
6634
6218
6880
4286
191
6043
6257
7654
871
5971
7114
7908
6163
5938
740
2072
2204
609
4919
6391
5519
3760
5880
7210
2913
3056
2168
982
2930
1748
183
1372
226
1129
4639
7136
1659
2704
518
7404
483
5957
7688
6007
3703
6948
3935
1499
1274
662
4892
3947
4409
349
2624
6696
2707
4792
5714
223
1652
2661
956
6314
6021
2597
2934
4362
8085
4091
3574
590
6326
5122
6597
5569
1187
6491
7068
87
2363
1537
4158
2046
1886
1410
4650
821
4810
1533
598
6462
7064
358
7405
4893
2239
3721
7129
2132
7812
4637
2181
5946
1124
4416
377
8129
2075
6052
24
7841
7589
4134
2397
6909
6107
1614
462
5467
3147
8056
6558
6173
7775
5771
1919
5536
2050
7336
5427
6401
5050
584
4037
2018
5000
3021
2081
2286
881
6135
1935
7914
2001
7730
6631
8108
1152
6169
4912
3893
1887
3278
5679
1470
7335
3760
6367
5285
5288
940
3494
6046
1524
8096
128
1668
2925
1953
618
4386
4010
5639
4108
1370
6740
5645
6738
2604
7668
1826
6264
1363
6740
4441
5998
5883
7511
369
4577
2223
1309
1083
7630
5359
987
7502
7027
4280
7568
7048
474
3558
3697
3610
2188
5149
1063
6819
1078
7653
4993
3006
6929
5806
7447
4735
77
8128
4366
4500
5905
5135
3248
1725
7968
2261
7796
7251
7180
1020
6107
538
2538
3049
4683
5365
2100
3620
1454
7170
3720
6447
1984
2457
4131
1239
1000
4847
7017
4826
347
473
6423
4597
2198
6647
1697
5598
2486
2709
4578
4260
4945
7755
7309
6756
3264
2983
2497
4718
3366
1223
5219
6810
4512
6395
496
2680
6644
1671
6046
6991
6994
3915
5159
361
5460
1336
2955
7946
1373
5930
3686
3572
1825
4569
5647
1439
6913
3150
2035
2087
4373
938
4723
8053
859
2973
5651
7503
663
7797
6941
7657
3520
6410
8018
7404
3118
6050
7650
6447
120
3589
5317
6247
34
5420
7686
6879
2270
5651
7418
2103
1603
3604
1964
3101
6577
4505
5780
7240
4900
7031
6066
6812
5249
2300
7600
2131
158
7503
386
278
2900
5570
2223
2866
8042
5463
914
6711
2922
6504
622
680
2900
4967
2421
3038
462
4833
6106
3115
1559
8152
6457
6808
5213
7688
108
3137
185
7698
4054
2715
3116
1915
5581
5865
1453
6495
3808
1469
7544
3186
2149
4644
8153
272
7682
216
5744
7255
5293
4185
7295
3558
2623
6110
5138
5461
5858
4953
2586
6472
524
2490
7997
3774
163
1258
2721
3645
428
6119
6192
1721
2114
6153
810
5568
5937
4934
6505
644
927
1429
3553
1696
3511
1585
3788
1177
2293
6374
5295
5375
3884
4851
1601
5110
3593
4509
1465
3165
5756
3465
4247
3642
2049
5057
379
206
123
6884
201
7388
5455
3754
892
1305
2169
3512
128
3730
2862
3408
274
6107
6749
6317
997
5036
5558
468
7562
5709
4572
3617
2067
5669
7710
6504
5463
605
3635
2930
7993
6372
1508
7499
3125
6892
3458
5578
2430
596
7398
5488
2681
649
3940
6508
2507
6886
5401
3137
3789
7363
480
1083
6498
962
605
3769
1567
3952
200
6824
5133
6484
1422
8126
7784
2036
2680
2199
2632
6306
4903
5952
2535
7541
7636
611
6874
2235
4444
3085
1406
3907
6190
5092
2945
3246
8162
2017
706
7962
7543
5839
6254
7419
2926
6485
1263
7946
3906
4534
7191
617
5898
4656
629
1738
5267
6245
4612
6730
1138
2174
5369
4413
6627
8070
1167
6657
6053
1873
6887
3427
1119
7559
2654
4147
2340
4556
4291
1946
7294
4902
1968
5000
7799
6853
3262
5660
608
1350
7122
530
185
4299
3883
1380
3132
5050
2915
7199
1908
4220
5758
5165
3587
2465
7072
6306
2091
3171
3832
5203
7100
5800
6181
699
1053
2919
3231
1661
4908
3662
492
3469
637
4375
6103
2495
7598
826
5343
1314
5046
415
3851
7751
5312
4971
2327
7403
6392
1394
2200
5300
3786
8003
4601
4200
4445
6183
5861
463
1653
6353
3006
1016
6295
3097
2872
5701
3923
5721
1177
7415
2056
3164
1218
185
6385
4008
974
3607
2790
1865
5860
7196
6138
6933
2996
5801
750
2226
6264
903
7805
3258
1280
5908
6355
4040
4775
6106
1681
2240
2863
7817
5404
3472
190
4595
712
8047
629
4690
1720
2961
5686
3774
1702
2051
2022
3091
3915
8098
6004
4664
4201
908
1883
2154
4948
2892
3313
3267
8179
7742
3911
5391
3922
4471
1435
4982
3866
2064
7900
6046
5025
3437
5925
6727
1386
4289
1626
5301
3809
4453
637
8010
5361
2520
5217
5436
267
338
2169
254
788
6080
2547
4071
970
1112
7281
3356
7240
6350
1849
5977
5279
4116
5151
6665
7979
1415
3774
4596
5154
3781
5417
846
622
7992
4590
7837
138
1433
8091
7266
4008
2648
3195
3214
5071
4745
1622
6023
1605
227
3745
4518
4343
6786
6045
4556
9
5921
1599
3668
6052
1176
4514
6674
7216
76
7029
1114
1357
7130
6152
2651
947
1794
563
4068
6539
7772
1955
4934
7999
1790
7776
3403
384
2563
7039
246
292
2752
4278
5760
6616
236
4589
600
160
2440
7678
1517
739
6277
7697
6506
121
68
2438
6418
352
4393
3160
8098
3242
4616
3309
5334
6139
2156
3104
6431
6957
1174
671
5381
938
2932
4050
778
4733
3536
6814
2720
6571
7309
1034
1500
951
3472
274
6954
327
5306
6860
5277
1730
1977
1780
4409
4059
6868
2648
5294
7403
4234
7640
149
7166
3590
7904
4485
8138
1090
987
5986
1973
47
4486
2924
4673
4121
4162
3831
1235
5494
6746
5866
4675
3226
2083
8169
1263
2822
2875
7718
7056
2323
623
2162
2279
911
7286
5328
179
6299
5070
2152
6985
584
2477
5880
3537
6507
6143
4059
374
5336
1733
3143
6082
4376
3166
847
994
7262
373
2130
6799
389
4931
6667
522
4167
4389
7896
6060
6925
2448
925
1851
29
4316
7145
5897
6365
3012
1921
1029
4745
3128
6472
369
677
5625
2002
6585
3579
4132
214
4224
7321
1739
3446
4896
2064
3742
525
7395
1363
7792
6499
6800
3916
7546
7289
6742
4534
2824
5713
7981
335
759
7612
1012
5745
2582
5573
6026
839
2833
6390
32
2981
2944
5567
3147
1437
5042
2989
8118
5442
3510
6874
6027
5328
7968
715
7398
5144
6428
7187
3383
6308
6607
4395
7629
4806
1178
1603
4225
2294
199
3999
687
5447
6818
5732
1308
1776
5449
6958
4305
6253
6279
1722
7267
6503
7185
8061
1359
5421
7318
5381
3537
3098
1584
4100
7904
1045
2497
3679
3339
2696
7678
5540
7602
6693
3080
7474
7915
5184
1313
4164
4947
3226
2306
4661
3277
1299
4530
4636
833
6043
1825
2704
7243
4048
7443
661
5093
1748
4340
7952
3109
3826
2892
2519
5325
188
3237
5687
2820
4550
6669
7978
416
4468
4875
3693
2425
6979
776
4934
936
5591
8107
13
1543
664
674
3550
1084
3178
4402
6167
1287
1510
4544
6612
1059
7142
4107
1761
4692
6269
6217
2445
5647
1342
1248
8072
510
6168
5693
426
5264
2414
226
4471
3078
7292
282
1994
6553
3508
4812
7840
2637
268
1932
1578
6874
2814
3339
6649
891
2239
3988
3436
4611
2740
4636
5121
8115
7135
5334
5187
6835
2632
716
4435
6460
7758
5790
3371
4581
7214
4469
974
7482
5016
7588
6945
2202
4249
296
6881
1704
3908
2125
1238
1168
5681
4309
1091
7377
1025
1914
6020
1607
559
2224
2700
125
4626
6071
4456
3648
963
4710
2938
2213
4106
4007
8181
476
4303
6892
6012
7797
825
942
1412
1686
5464
5689
2501
6489
1228
4034
5521
669
6382
5371
7648
2816
4942
5639
1728
3979
7263
6982
6192
2538
2158
6203
2062
1731
4903
118
1975
2464
6493
4805
4681
1029
5890
6012
2732
1074
1854
5403
7787
4528
2582
7414
7344
2999
6417
2576
6978
846
727
2575
4808
5307
3628
2746
7038
978
4689
7371
6706
5202
4208
3195
4019
5647
6014
6751
6721
4160
3323
6487
1135
2287
5709
287
2906
7484
6542
4711
8054
2377
6056
2883
2930
2428
137
6416
6742
3366
3236
2297
376
748
898
4549
6395
6912
1563
3907
3519
3306
2580
4654
2599
8095
3251
3326
7581
4901
8037
473
7278
1981
5782
4348
7745
6284
6259
1258
6734
6889
4637
2473
7637
5535
7022
2991
4894
2733
6898
7971
573
4318
3317
1387
3971
1624
1939
4832
5554
1784
2887
6468
4427
4658
2759
4874
1626
7366
2060
5108
2129
6697
2635
5508
4679
3166
2517
6811
5899
4381
1602
4687
507
1715
2118
3464
8101
4057
1368
5463
2351
880
3814
6778
5538
1055
4732
3912
7963
761
7364
1900
2256
2824
4584
2423
5990
5486
4388
4495
7087
5406
192
41
3691
1926
3423
4239
2209
1416
6682
4560
2296
5888
5046
7834
3359
2225
4638
3588
6728
4382
6504
792
7206
3535
2270
3188
6241
6074
130
5136
3927
8130
5177
7618
2503
2393
4527
7898
977
5814
4565
6873
3510
1419
961
7402
4548
4515
2798
3084
705
3847
3237
920
312
967
4108
2263
3085
3954
2873
842
3377
7695
907
874
5302
3620
580
3867
2194
3985
2548
6343
2149
6605
7133
1495
5264
3857
7242
4559
488
4187
5479
176
3038
6158
6105
8145
6272
1425
1434
5297
6270
5851
6171
3380
1279
6112
7705
6638
2127
5157
295
3916
4622
1354
2142
6498
5211
3092
1939
4084
7279
4013
4284
4241
6213
2836
3904
3899
4261
5338
7827
6183
7679
1656
5389
1153
3736
3290
401
5944
1867
8086
6164
5437
1248
4022
4449
1733
930
5682
5841
6349
1503
2572
2398
4710
5408
6047
6742
6715
7483
7107
532
7609
2741
2271
1736
7116
5561
1335
1172
4498
1229
7336
1743
2477
4387
5486
744
3457
2976
2456
7217
3840
116
3373
7322
5524
1228
5872
7001
1298
4787
1723
6311
6785
7644
4575
5709
6109
4952
6881
1611
6181
2167
8060
7726
1638
5618
6982
1180
402
4526
6037
3950
4642
2664
2733
1974
6117
413
783
7415
4561
7252
1104
5968
7800
4721
259
5717
1481
6622
864
7662
3737
996
64
6732
6614
7046
5552
6377
4019
3397
2427
469
6061
5160
5110
8136
3258
3865
721
1303
3564
7809
921
3172
5104
662
6856
6585
908
472
2137
4645
8077
2201
6105
6499
6498
553
3508
2479
2844
6472
6182
1352
4752
7120
6896
182
2616
5536
1485
948
5919
564
4120
2192
98
2736
7607
810
6567
6001
3376
6682
4392
5463
8009
2106
2643
4330
3607
7991
2142
2236
1553
2610
3308
4704
3067
7500
2048
6610
1640
225
1657
6399
1967
6437
3663
1913
1584
6154
7914
3232
7664
3522
5961
6842
4989
412
2512
1382
7764
4654
854
6211
2044
4801
2723
1023
5493
3421
4948
7772
4285
4901
2213
2318
1536
1450
405
8144
4065
7509
3184
4655
2200
314
6005
1003
7466
4699
379
7894
7031
1114
2322
5626
5915
401
6649
4976
3659
6491
5396
7944
1590
583
2070
5705
2672
3114
5753
6799
4395
3208
3262
6595
5298
6478
5592
6024
5207
5332
5683
4685
4218
3361
6073
6495
3762
7616
4913
103
5276
156
7841
1326
7453
2358
1161
3411
2720
5231
2018
7115
247
2273
3313
5051
7633
2279
2883
4648
581
374
7051
4555
3735
3260
1940
1334
4475
3612
1231
801
4424
1519
525
4507
3877
3
365
7035
5234
2383
5958
5481
8082
2645
430
449
4285
2453
3354
3704
6004
5979
6702
2269
6506
450
3603
2031
3162
5473
2832
1262
6992
2307
4308
5515
2304
3943
4358
2930
6632
6068
7973
811
4062
7543
6932
223
7027
3578
4265
3353
6188
5755
1084
3690
5944
3158
1659
914
439
1173
7901
761
4712
4017
1916
3047
7960
5750
2215
1328
3626
6835
2139
7688
708
2760
727
6319
818
4177
5226
5370
1740
5671
1680
508
2513
21
7147
6118
1194
6856
2835
4035
5511
7273
7204
5743
4831
3203
3777
7927
4560
2915
7792
4629
155
327
6502
973
4342
5295
3758
6229
7816
5438
2471
2889
4820
6766
4963
2178
8102
7798
6335
2771
7667
5347
5220
4306
2783
8026
3621
6415
5443
4971
6406
2904
5283
4115
3877
7251
6974
119
1022
7350
3512
5338
2047
1308
4280
7010
7322
3731
1576
7844
1690
1051
3193
5301
2835
410
3057
1736
6644
7884
846
7954
2596
3755
4353
1719
5378
2621
961
4995
1779
5641
6051
4366
6949
2139
2644
2113
2322
7124
6427
3541
8175
7403
6432
5340
1199
6895
7715
2747
1605
6869
1870
991
5078
5709
728
300
7691
6503
5295
6914
862
756
4465
6087
2256
1083
4857
8126
654
1570
3475
7555
2359
1715
6616
2919
3012
6139
2526
4617
4816
656
3626
7930
4414
4477
38
3913
5404
2220
5191
3903
2976
6728
6394
2960
7934
5133
3665
912
2128
8002
1549
231
7306
8165
5042
3898
2080
8177
316
5456
7521
4882
2474
3743
1167
3151
536
3598
931
4016
691
6147
2712
1107
1554
5222
2591
5219
3882
3473
2783
6070
3704
4523
6043
1977
1264
3590
6200
6612
854
5529
1730
5933
7751
8116
5410
95
4670
6341
3921
2831
4296
570
4254
2342
5792
1347
5315
1271
4820
7459
4799
307
2936
2650
2284
6520
7252
3916
92
1155
6939
7009
7088
1694
1107
1678
960
4629
4663
3311
732
7425
2741
3206
7256
5780
3914
1941
4509
7650
2674
1116
7957
7815
3766
2049
1295
4727
6325
7444
5882
2481
1931
3414
4017
5154
6456
5135
7667
6399
7007
1257
1026
6636
6243
6230
856
5863
7574
4539
5766
4900
3423
2191
4523
982
4879
5179
3745
5180
2265
6757
7661
334
1979
3005
2704
3715
8140
2179
1922
1133
922
896
1062
5321
427
206
8095
191
3694
5669
4709
1075
3478
7791
2057
1401
5580
1688
3140
3315
3123
2609
5211
7048
2578
5685
2571
3269
328
4493
6056
7598
2164
3198
4727
5601
4043
3368
5792
7843
7347
7109
1424
3684
682
4120
5909
4898
2432
5423
21
8140
799
3002
6996
4815
495
2014
1546
167
1685
6963
761
3849
4427
3587
6440
278
1237
7544
627
7161
1074
2690
2653
1756
1382
4936
5689
7142
1528
2524
7194
7463
4887
441
5544
2810
5737
6451
4910
7422
2970
5671
5752
795
7126
7504
8070
7382
7495
749
6351
377
4753
7380
2133
2057
2444
370
4446
7276
2255
3448
187
1050
3007
4718
3860
552
2977
7142
857
8185
6082
6609
802
1044
5921
7512
6338
5224
708
3695
5601
4147
5309
8011
6843
2226
8003
2397
6882
2444
1051
7708
1394
3419
2990
3105
4221
8179
6137
5078
8186
4027
3495
796
2344
1863
837
7702
1105
8063
4348
3057
4018
6727
2876
2669
3691
3065
5066
3830
4870
4654
3346
6264
1235
1856
3159
5456
1843
465
5211
6355
3700
6476
2633
6836
8045
3470
1505
7873
4593
2843
3376
7134
3884
1940
4465
7360
7067
1240
3530
5995
2298
8008
4764
1063
2040
1605
4393
3883
7052
7374
5720
2713
6297
161
1357
1748
2992
8044
2067
6591
2695
5443
5533
6364
4689
7025
5532
4203
8119
870
1792
2225
7138
2972
4904
5098
5216
7087
1215
1836
7266
3687
3643
969
3526
5267
2717
534
5119
4047
2774
1017
6796
2759
2845
3932
3926
2687
57
3853
3557
6343
2114
4611
1762
1174
7705
6978
7622
1702
5142
1496
2803
1232
527
7469
4157
2190
6296
962
1857
3522
55
1100
1911
2900
3160
6816
213
4975
2963
3344
5066
2476
7955
3304
4542
724
3674
3080
2426
1263
6608
377
5697
1057
985
1540
5584
2881
2502
751
7551
6384
7843
6922
1092
2811
8086
6248
6028
3496
1400
5929
7172
7668
2625
5562
200
6938
5071
3265
8183
1537
5304
5688
7073
3873
7228
1489
1438
6654
2240
6113
4846
6940
170
1615
4063
276
7863
1260
3220
7121
3523
3952
6597
898
5943
756
6040
2822
5683
2143
1285
2795
7831
166
1717
1325
6537
7913
426
3256
1161
2920
3684
1331
3657
7813
1607
3986
1639
5940
3554
3030
6492
6233
2771
549
1203
619
5919
3712
7307
5273
6636
524
3085
3273
1440
4091
4640
6326
7357
5801
7138
4519
1060
4950
4140
8100
964
3140
2344
2590
6170
7548
3004
749
1832
1801
6185
7751
5642
7070
3360
4086
7594
2386
7379
2038
6477
2739
3904
7312
5769
4703
4553
6829
1461
7779
6921
2425
2727
1073
7388
6848
2356
5992
2093
4188
4001
4092
4445
1451
5222
1026
2655
6459
4780
1842
7887
1697
2972
3344
7375
5395
145
4456
1434
6876
4043
802
3741
7409
1875
5255
7631
3961
3055
2654
227
7885
799
3579
1758
3769
5639
6656
5502
859
3378
3634
2556
7786
290
4819
4989
7757
363
2916
881
4512
2114
3570
2897
7953
1272
3458
3561
3865
6751
3334
4172
2240
6913
5291
6009
1274
4437
5512
415
7815
7238
2141
668
6948
2678
4321
6513
5151
955
798
1278
1159
4368
4175
759
2552
80
4320
2414
6831
538
1758
4591
5736
1143
1418
7010
5580
4094
6786
2350
3144
4645
1682
1900
6684
2189
7971
1533
4409
577
7937
5568
2608
4559
1865
3032
3553
5737
5446
3278
1278
3865
7869
1178
5470
6451
2360
4695
2992
4426
7045
152
240
7657
1413
1268
6538
1634
7927
2755
7774
119
7684
3026
3514
2373
8186
1125
7635
2101
3789
7471
5966
4080
457
496
2339
5375
5191
5331
970
4148
2374
6982
3613
4405
8134
5906
2771
207
5041
5839
88
4533
673
4590
6671
8164
2477
964
2129
1926
1685
97
6006
6964
7793
792
6603
4951
6123
7573
803
3749
591
3449
8154
533
1163
3372
8091
3878
5725
189
420
2501
3152
1101
2529
5629
6127
3534
3064
3750
4561
2942
4978
4960
3734
3389
6473
2304
6061
1883
2139
5470
1566
1538
2616
2729
1834
2717
7043
7559
5286
729
5058
2134
6362
5663
2856
4297
6063
5920
547
6690
2978
4431
2819
6797
1011
4538
3699
1120
6421
6632
3842
4855
8170
1734
6066
6336
983
5556
6330
4942
3365
6920
7076
4556
1896
4220
7933
7959
1700
927
1908
4153
3504
911
2644
5699
5449
7137
4579
3039
5577
6816
7894
3276
3110
1189
3060
5426
3825
1198
484
7190
1831
6592
3554
8127
3259
3174
8024
6633
2247
6452
2480
5751
7363
5124
587
4211
4069
5166
1172
7377
6542
6722
5731
2099
281
7593
4865
4648
7034
4381
1903
5203
2781
2735
2924
6040
7753
5100
46
2686
713
2434
7798
8076
6919
981
3865
5396
6147
2693
3611
3056
7608
7042
957
303
7082
4284
3208
5924
8095
3081
2935
5314
5816
11
1365
6016
3081
1411
3330
3794
7169
3724
3039
7942
4705
6904
1907
4893
766
2674
243
6842
2163
7478
1653
7139
3194
3331
6977
4901
6412
1720
2023
3517
6461
7534
2499
6842
753
2363
4505
7823
6192
7544
619
1487
6256
6904
6380
1170
6167
6137
180
4188
1341
6998
2951
4535
2137
4166
366
7196
5746
1750
2521
715
2408
22
6127
7176
2385
1622
647
7807
5922
28
6959
3347
7515
7613
6015
6844
4919
1718
2656
3578
2912
5607
1596
7417
6611
6962
7971
4165
520
5892
3450
5903
5870
6807
4887
4068
4546
3952
3739
2276
3980
2506
2569
3535
3724
1031
4883
6997
687
5965
3419
4593
3380
5015
3818
4961
6884
4678
7396
1828
5814
2654
4117
695
3514
770
3373
8060
5010
366
6048
6523
3511
1064
5204
957
6097
2534
2152
1408
4761
6925
2191
6172
6921
1627
5251
5613
1887
5094
4407
1130
444
307
1825
3958
7115
6644
4366
1466
7010
2861
7989
5863
4267
2785
6820
6020
251
7412
764
3043
1126
5237
7169
8047
1328
4228
5468
5616
7062
7131
1446
6867
1368
7813
5559
5108
7023
2372
1618
2351
2959
1821
7575
966
964
1989
6986
7616
1848
6222
4573
2974
3267
3550
5363
1939
414
8087
7555
6837
1166
2083
2680
5019
1704
47
6257
5319
5773
317
4585
7652
6688
4224
426
540
6213
780
36
131
2750
3655
2843
517
105
2520
5097
8072
5777
5734
1475
610
7178
4155
2563
690
3990
628
2924
932
7881
7509
1472
6377
3285
7785
5837
2928
7005
5234
4756
3298
7495
1913
5411
8029
4398
7878
43
6209
4781
1432
1373
4425
2605
3936
4457
1597
4564
7381
7527
4875
1494
168
1502
1791
575
6700
1776
6430
4450
2980
5060
3753
4893
990
4602
7697
1304
4645
6065
3477
3213
4692
948
2374
117
5322
4610
3745
2059
5275
1769
8118
3085
7925
1717
3660
1759
8133
4783
1983
5271
1651
2409
1017
7531
2193
522
1282
1993
5543
5997
1220
6788
7584
6399
1521
4714
6403
5266
5537
4706
3497
5463
1040
5601
1651
5572
832
6482
789
6016
7620
223
233
445
884
6232
7225
398
33
4255
7034
7644
5341
6426
6947
1330
5244
7648
3936
5603
5250
1398
779
3982
1193
2430
2001
6167
4140
5402
3991
3568
2567
3968
4179
2322
5289
5619
2720
5256
6510
1562
5804
4533
204
4559
2329
2744
5103
6265
7398
1522
4867
6619
5732
6060
4003
3731
7446
8143
302
4737
4034
5927
6784
8171
4587
4311
2594
7946
7247
912
6876
6110
4571
6441
2477
1292
3697
1251
3858
5289
271
1009
6862
6003
6430
2673
903
2508
3263
6987
7245
771
7132
461
7400
1906
4772
2747
6040
4466
4533
7356
6548
601
7277
4121
6299
2143
5322
2441
5046
5051
2811
2455
313
7143
5128
6976
1459
199
5771
7680
7620
6831
6580
7467
3267
1808
3472
2773
2658
1061
2576
7178
1662
3491
5724
3998
6844
2854
6439
3059
7840
7134
604
39
6085
3668
7015
7544
5362
3598
503
4790
4959
6077
4065
605
7885
593
3378
4588
2293
2238
4618
4237
6300
6042
43
4952
5643
2349
181
2197
1291
7769
2158
177
3452
4857
7367
1910
6933
7870
6700
4492
6399
4980
3095
5453
3805
7270
1849
6098
1316
2769
2500
7616
2634
5735
4455
5183
4806
3556
812
1456
3340
6846
6559
6792
4681
5734
4882
4770
6051
1818
7122
7844
5030
6806
5801
1282
7728
542
7380
1780
3950
6504
565
6876
3408
4302
3867
6794
334
5137
8134
5186
3791
6501
1606
890
4682
6488
3880
5651
4161
3242
5999
999
4628
5223
2281
3100
2427
6084
6233
6669
3796
1394
5353
388
5284
7164
5767
5618
4109
5825
4941
292
1315
6547
7010
2195
3988
5494
346
8149
95
5653
7236
3659
7762
3876
7398
2218
2208
1165
695
1588
2559
5409
2615
349
6437
3152
5269
6503
785
7864
1981
530
2612
5668
6527
6600
8018
1319
1635
269
1859
679
4567
6763
4995
4419
789
989
3254
7347
4976
7497
6254
2361
1044
4499
5513
3967
6188
6298
5192
7530
5129
388
1862
1398
6212
1688
7474
3615
780
5615
3898
3787
4006
458
632
4336
531
3886
3011
4445
4581
4949
1386
5625
7742
4065
6792
5099
1594
4400
3755
1469
3404
6299
2867
1424
205
4607
6001
7617
2030
5846
3212
2615
1888
2580
6471
5773
1306
1290
6805
5887
6239
1
4872
1503
3489
4081
1590
3109
289
5345
3614
4438
7238
747
5178
110
4715
4566
685
1447
5972
3166
4062
332
2446
2341
2087
3113
3631
700
7384
6514
6854
3489
814
6041
7570
5788
7234
333
196
5536
4087
7434
4789
1712
7324
8118
2854
914
6032
3118
2252
6222
5406
194
7182
3319
3307
3551
1980
3476
6958
642
6965
420
2793
1849
1984
1835
2182
2180
4491
6908
6131
7894
428
6999
7181
5766
7913
5021
7500
2531
6991
3478
2976
2211
159
331
7491
6371
4385
6257
2463
2580
5837
5256
7461
371
1101
2090
2448
3390
806
3683
2453
6958
2490
1442
7000
6620
1729
500
959
5262
5214
3935
5780
5055
3949
5079
6237
436
5048
7684
6687
7403
5125
5956
7774
4168
8046
5326
6775
660
817
1036
1894
5524
5714
702
3952
749
7990
3281
2181
5012
6899
231
6956
2656
3344
719
2220
200
211
3725
7603
3278
5322
1646
8085
5468
3680
1310
4023
4334
274
5917
1666
2204
934
2574
5239
7460
2337
772
5105
3630
7828
1851
7218
4484
2570
607
3269
5411
3860
5512
1494
1462
7158
6591
6291
4117
291
2268
259
17
3649
6267
2221
5477
7543
5174
5570
6504
2246
2483
2235
6310
632
1261
1187
6254
6324
4456
3473
2631
1056
3225
1169
661
6568
5122
3414
1333
7390
3155
1316
3102
1230
905
387
1879
6079
2235
8001
4998
7944
5766
1312
880
5144
2499
7134
3276
1237
6416
2285
2932
6743
477
4599
4480
2593
179
3147
4158
5216
7000
7260
4206
6095
545
2107
7537
3419
6276
2539
5021
129
4341
5262
2919
2481
3988
357
4474
5980
1289
6650
3892
6426
6141
8012
827
2230
4865
4861
7446
3673
2399
4952
2215
1215
2845
2870
2204
290
7861
2817
161
4672
113
3080
7153
3452
2723
4874
6952
4180
6416
5132
2414
3726
2880
4312
1496
192
7643
1603
3865
1211
1637
2112
5766
7623
7434
222
7333
1089
5153
1020
1792
2287
4092
2831
2453
1369
7705
6979
6188
5290
3280
7782
7368
400
4290
2320
208
5478
3923
4296
4267
6545
6008
1841
5976
3581
6573
3075
3522
6772
4097
5314
3707
3
686
1254
6826
1173
598
7554
4117
2682
7781
3251
3082
4701
6622
5541
6205
5839
1645
1938
4192
4363
97
6216
7410
6670
7093
4527
7451
5194
787
5226
2995
8091
4611
5000
6481
2983
4362
5786
5665
3419
1484
7637
1921
3054
4986
4284
7491
1561
2609
5532
2907
2512
684
6067
4673
7048
6652
5414
6338
1688
5744
2704
6403
1133
5896
78
4076
6658
1845
1589
4314
7831
1505
5799
2693
3481
6677
3394
5633
4124
734
5466
917
7503
601
4436
455
1502
7214
6793
3190
3426
6887
4979
5260
991
3774
7008
96
1929
6058
3974
1568
3639
1581
3931
158
3096
537
5791
7859
7356
325
1250
6667
287
5686
7122
1789
3484
2469
3213
1282
1803
6426
6542
5398
6184
7087
5302
4255
1029
1328
5505
4668
253
6618
4826
3988
6516
6406
4537
5680
2111
2405
4037
5794
4911
5107
4005
7989
7576
7218
7113
7005
6091
6982
4620
93
2315
682
3709
1286
1371
6396
3382
1118
4009
8176
5322
5685
6390
6525
8187
4918
7454
4042
5672
2543
957
1028
5852
7851
2002
5412
2167
4089
1570
6787
4635
745
6105
7266
2031
3458
2722
1351
4255
1461
6825
1067
4224
2530
6097
3963
5804
1357
79
4908
4931
7156
3880
2591
2016
2517
189
4009
6606
6433
2778
5143
1014
691
3975
7175
6064
856
334
2127
2317
1062
1060
5646
4600
7157
6775
6988
1753
699
4488
3178
337
8161
2423
2353
5644
6219
1656
962
3732
7070
3542
4085
2452
433
3090
324
423
2785
5741
6091
3847
4681
445
7439
3115
7220
451
1362
6521
3253
4540
7497
3284
6075
6534
2360
144
7551
759
2949
6429
3891
7056
3977
4324
1954
3653
4540
3453
6990
5753
394
2948
5308
359
6063
1912
8100
7425
880
4392
4419
185
1108
2302
1843
5363
1519
5708
3588
3724
4886
303
3332
7283
4627
2906
2105
975
1194
4885
4778
6604
7833
1894
590
2488
7535
7510
4937
6655
5074
7674
1722
5543
7047
3565
180
2664
1504
3768
1060
4810
3465
2272
3901
1162
634
6006
5416
7632
482
2002
6683
7351
4935
6093
2690
2600
5411
5945
7129
976
4788
659
4567
5933
4224
3445
405
2720
323
7537
2090
3788
1617
5352
2626
983
5026
150
904
4544
1213
5779
4342
4470
3680
1652
1122
7293
4293
8133
6317
7303
7474
5500
1370
4942
753
7227
109
430
6572
6211
4834
3
7333
5345
7851
6524
2997
1245
2876
1784
4534
974
2686
22
7514
6628
7271
2976
6687
4757
4327
787
7449
6336
4794
2135
7301
4903
2565
6824
2922
8038
6821
4420
2693
7162
2752
5690
215
2564
8113
3873
5293
5427
4341
2221
3690
5901
2995
5195
7048
7961
2849
6305
2087
549
4170
2978
3838
966
1610
7276
7072
7792
3504
6619
6762
1936
929
1854
4331
7184
6173
6760
5058
5231
7403
6824
7522
5347
4365
6378
2614
978
3701
7665
6665
8022
2451
2827
796
4770
2550
6276
5170
2138
343
1592
3435
6920
262
7296
1641
7074
2328
3417
1843
6653
3407
2513
4384
958
3865
6998
619
8028
7525
908
8186
2479
5634
790
2291
5108
2706
7461
2970
5143
2323
465
3682
6770
431
2869
5652
5433
6286
7495
3255
2879
1816
1129
4355
6143
7618
3736
5979
93
4187
6624
5620
6745
2358
281
3661
4425
1012
6631
718
2696
1387
2964
4118
7236
8097
6658
2442
2001
837
813
7314
5539
7876
5354
604
7302
6574
6583
1436
5805
3177
1136
4358
4896
7414
8019
7063
1790
1095
7781
4486
5710
5456
7780
3438
2831
1122
996
3999
1959
1809
3315
4612
854
2039
5216
36
4296
3946
1472
1909
7123
7217
6906
4365
7995
1459
4956
1593
5638
4728
2752
3156
728
2340
357
2103
4101
639
6296
2132
6383
780
3119
2663
1259
8049
2627
5555
4389
516
8103
6097
7733
1375
2270
7536
5358
2047
7255
3443
6775
6377
1593
6047
4794
1236
8150
703
1236
5615
6763
3045
1797
1690
2484
3056
5720
8049
1058
6861
659
7223
4766
200
7786
517
456
4952
5628
8034
7989
7045
1973
751
998
6767
6205
7152
722
3223
3617
1512
1924
2778
8014
3784
917
5542
3288
6217
1958
3947
2944
6724
4684
2538
6207
5140
702
3643
2894
140
5696
282
611
4698
6485
5594
5173
1790
3010
7594
4890
4934
6651
5068
1789
624
165
1499
1351
2123
5446
4295
7537
762
1359
691
5017
6131
5240
2123
1921
2105
6351
2532
1389
7419
4491
1630
1017
1481
7799
4319
3453
1934
749
2950
5634
914
4449
1207
3037
7128
5104
3861
1826
6463
3640
3191
7860
6592
5953
1614
3705
398
4146
1677
7817
7747
4885
7550
6266
3700
3231
6026
5634
4619
7408
0
5533
4594
1207
1017
5658
6311
2844
7484
3610
7396
3654
3917
804
5893
2303
3870
6291
1843
2645
5277
6543
662
2273
3575
3723
6143
6783
7027
2570
6638
7666
89
6148
1733
7264
4578
7405
1916
5286
3795
7072
6560
122
6907
3931
5767
5155
1721
1221
5682
6998
428
3172
3467
4189
1297
6774
3419
771
3988
6327
7947
3654
3909
1488
5466
7897
7491
4003
2611
4335
3069
7852
3735
1784
4601
7521
4821
6322
7642
2311
3064
122
222
1022
4311
1075
396
462
6346
5023
1403
2091
6823
2880
6950
6835
2585
541
2832
3635
4876
1652
4897
6412
132
6886
1109
5592
1203
6533
7903
4267
1781
7681
4947
6092
1203
4280
6269
5143
7081
520
5779
5712
5431
7021
7069
5346
7562
4594
6481
3307
5250
6608
1527
5118
917
418
7718
2120
1241
824
6387
3022
7879
2079
7270
6676
6359
1001
2988
722
882
2791
1758
3643
1620
5311
797
990
7475
1869
5875
5967
285
3844
2254
7560
3930
6412
5440
5171
956
6606
8191
8188
4527
1562
1512
1832
561
1476
7082
321
6877
5324
3964
2935
2443
4122
4564
2521
2201
2247
296
6276
958
5642
3187
2972
3691
2253
7602
3545
667
591
4651
5194
6039
2500
4830
3353
3976
5940
3032
6170
7576
293
913
1188
3777
2715
3709
2214
171
4187
298
7405
2276
2889
2185
6777
1275
5417
2130
7584
4005
1882
4245
6158
3810
7309
1319
166
730
4990
6004
114
4697
636
6890
282
3351
5011
6260
3180
185
2230
4225
2091
1298
1143
676
2573
6560
5386
5011
2555
924
7426
3950
3458
7436
2631
2985
8166
2359
3019
8104
7056
5809
7441
854
7863
2430
2786
4683
2245
4377
1355
4336
3079
212
3180
506
6348
265
2675
8120
7003
5644
4170
6562
3304
1539
3577
4862
4537
6596
4950
3401
6766
2491
5006
1097
5560
400
5780
7805
3977
1057
3604
1136
845
1408
7562
1638
1673
3944
6626
4691
1700
2456
1871
1604
917
5448
4934
4572
3852
8176
7660
5278
3114
5538
6375
7710
3054
3590
8097
7908
3545
4683
7340
4853
6730
6071
4977
7981
2127
1649
4480
3827
4087
2609
2223
5022
5353
5481
763
7330
5497
1295
4416
5809
6833
4954
1901
3779
7840
1167
4129
3193
4676
2572
6532
2054
7741
3317
5288
5614
6524
6616
6405
5755
4646
436
1372
7485
5917
7583
6623
3222
686
4706
4966
673
6724
1325
5086
1820
8034
6530
6819
3879
7282
352
1825
6831
3669
7113
4253
5976
142
6040
3539
3404
2588
4911
4111
7879
2672
5041
3535
3358
1555
309
5507
3023
1655
3040
3349
6379
3490
4722
2066
3792
5074
4940
2431
7002
6019
1508
1026
2031
3660
5679
2757
6248
129
715
1631
2801
2436
6288
5520
7311
1574
8179
2142
8111
5165
1207
1894
463
2263
7725
4863
4742
5407
2432
4640
4958
3940
3614
6350
7600
2065
3593
2536
2194
3884
4167
4356
1872
5290
1684
991
1328
6495
3133
6783
1969
1926
3303
6686
4642
3770
5474
8092
7207
3042
3652
4858
259
38
1492
333
2103
3107
4684
4534
562
7675
8014
2434
5807
1506
5406
4479
4989
5919
5122
6958
7206
7320
7281
2564
3550
6385
5528
6266
1235
6316
5260
7216
6354
1440
1948
7927
3645
2736
4269
3985
3253
4447
6002
7963
5251
7596
3484
7815
1677
7139
7335
5529
1925
8138
99
1625
6439
2565
4641
121
689
7573
1097
1149
7371
3045
1523
6007
309
5792
6392
5887
2686
4202
2534
5627
4798
7242
2188
2482
2003
2406
8011
3928
2352
7273
2942
3466
1646
7583
3345
6496
589
2248
7645
232
1436
976
1953
1745
785
486
560
1901
4476
5098
7528
317
1505
2213
6027
7694
4619
1984
5065
1221
1065
8007
5947
6120
7398
2602
4424
1383
993
3877
512
2429
2700
2465
4018
4707
1979
4253
6608
3136
1159
2248
3453
346
4461
1288
7401
7304
696
2336
7220
7070
5671
1273
4998
4877
6224
6962
4059
5231
3085
4571
5390
5785
1156
6820
1078
8008
2567
5530
2952
7423
3921
1787
1115
540
499
324
789
1195
2660
8009
2317
5181
7102
2681
335
878
4281
3724
3839
1465
103
1037
3872
1053
5144
4759
7323
7711
771
4371
288
4692
6158
764
3401
1535
7104
4190
7213
3109
4185
1338
8094
5097
6210
237
3580
2299
4705
7933
7358
4602
1935
3677
6294
3209
1082
1029
2728
7881
4761
5815
5020
5465
3141
1619
553
4229
2571
426
7338
6578
7280
1395
4709
1070
1632
7063
590
1216
6165
1424
4806
4230
5939
1488
7439
7021
1098
6217
6693
4529
3840
1673
1802
699
8138
6943
2891
2625
1675
2037
7181
1402
642
3698
5720
6563
5466
1882
7779
699
7095
4393
4929
3350
5926
4016
3032
7024
6151
6659
3361
6520
4986
5163
7219
4932
7051
4328
5885
534
5262
1296
6256
2288
3198
5047
3917
5924
6929
3862
6623
8026
576
3360
4369
1690
656
791
2858
4856
742
503
6528
4244
2526
7501
7208
3667
5658
4901
2494
7796
3605
558
5508
1389
3703
952
4296
3865
3378
2327
4493
4238
3144
7522
2264
3800
121
7598
7136
7571
8101
7584
4569
1978
6254
4607
2547
596
294
53
7992
4293
8058
2484
1871
3569
6660
5767
296
5549
8094
3558
6881
3242
4228
4214
511
4724
4572
1567
4103
4024
7872
8019
6002
1618
4780
3455
7170
3067
5429
822
1226
5563
3306
645
6198
2715
6412
2929
2834
2517
629
4047
5759
3335
167
2944
8059
3766
4320
3583
7790
4192
3410
2592
2574
6822
7329
1552
6495
4566
730
168
1937
2576
7715
4570
139
6250
7499
5497
3733
1322
713
2026
2013
7646
7913
2519
3880
4041
1064
3910
8041
3718
1318
2725
3104
1542
4277
4030
3024
3185
4198
5600
5761
4471
1978
6261
5663
6907
764
1930
8155
51
4595
6216
144
4316
3697
4024
8027
4761
7439
8178
7149
565
2711
3508
2107
1204
7670
6636
3803
4720
1036
6234
7943
942
27
6551
5965
1430
289
2190
1481
4884
4026
1625
7184
7084
1904
7019
4539
7041
7005
4135
6476
6668
627
3184
320
1149
1628
4069
2323
5528
6666
2074
1722
6693
3715
7687
8123
2787
2695
6141
2097
1331
3676
3744
7969
6420
3275
3237
621
6743
7294
7736
2973
6667
4552
5538
2674
5268
1415
7841
7932
111
6469
1462
971
4799
7235
7152
606
1738
7181
5489
407
2866
1745
823
7098
3811
2414
166
5830
1516
290
7581
8183
3930
4927
5509
7186
1211
3034
7446
6870
1311
2208
2293
3488
5027
5498
5310
6765
1683
7732
1020
4549
6907
197
5004
5666
2611
3354
4888
4127
5128
4916
4074
7326
6541
1435
6320
440
1599
5574
243
3549
3366
2536
61
201
5230
6010
1226
6274
6470
5946
5561
3007
6388
7635
158
4415
3911
3146
7903
1217
1770
3829
6109
4132
4625
3955
4500
5166
1619
3935
523
4985
2360
6969
5186
2870
959
4232
7240
2681
2353
5248
2504
549
5805
5530
4326
6029
155
3577
7246
1925
6767
498
5985
3200
3739
2932
6226
5997
7189
5064
2790
1357
3841
7769
874
3392
3809
6366
711
1456
4770
4977
907
6518
6516
4134
4355
1521
7711
4783
404
1906
3907
7028
1294
7721
6424
1311
6468
765
4439
7126
5431
598
6703
6305
4202
6511
8131
4701
3137
4070
276
3405
5796
1952
7539
6751
4719
1134
6224
5762
3679
5236
3594
5807
4765
6366
3696
6489
1061
8135
5423
1700
7651
4897
4605
4531
3216
3905
1040
79
217
1403
4866
2179
549
2673
738
4809
900
5486
5813
2779
250
6977
5164
4515
5151
1307
2812
4102
1250
596
1763
5762
5493
6368
6961
7675
6111
7744
7596
6328
6341
2091
4043
1302
4764
3411
2081
2528
6848
298
5307
6598
7275
2918
5910
4234
3967
5094
771
2717
4498
7200
287
995
7360
879
6680
610
431
5445
2474
1420
7536
5878
5470
4084
2467
1280
941
1123
1578
3826
1110
6892
7284
1172
5534
4875
1926
6305
1239
6259
5313
952
938
1408
8119
1213
2018
7834
3960
4492
7130
3576
6014
4423
508
4186
5703
433
5129
911
3620
4019
389
4528
3001
1630
7620
2626
3517
7525
3633
2435
6573
5497
1027
5861
3908
991
1973
7868
2709
4518
4292
7022
95
2753
2836
5608
5006
227
3495
6806
5039
5725
5689
152
4095
3075
5414
7614
2408
855
3013
7403
4189
4040
1542
8097
3049
4154
7972
1795
7828
4512
7567
7733
6433
3461
5149
788
4958
1654
7594
1805
813
1905
5900
4910
4980
7706
3693
804
7184
680
7538
2995
3999
5996
5102
7048
6350
2870
2939
5986
5911
3564
2665
4152
7025
5708
4940
1428
4777
4489
377
4228
2584
2669
7885
1757
5370
4192
953
3830
4680
7893
7357
681
2536
2255
7006
694
4486
4125
873
2205
1142
4654
1835
2309
415
2466
7311
4362
6169
1897
8058
4607
3626
8019
5342
7388
4019
2536
3026
22
5955
3861
703
3419
5947
1889
2086
2241
5375
2959
3746
4233
6497
5581
6268
6912
3115
404
2550
5138
1493
6415
2192
2133
1950
3150
5894
