4546
12262
5788
9497
9908
2067
6325
2027
12400
11917
1799
6099
14180
929
3171
10171
2343
11003
12988
15635
5566
1299
707
12493
1440
8503
2394
2827
11204
12877
7361
9722
6477
7005
3219
6529
2928
6750
7060
7161
12949
5261
5082
4487
1179
14089
4805
14836
6524
14327
4615
13382
15626
10052
9875
14186
2555
1970
7157
11713
769
5940
10181
13390
11554
13106
11697
1134
4133
12859
117
14960
2891
4566
15984
4432
6477
1323
9412
13104
15966
1589
4342
340
7537
766
3990
14838
4940
10514
11184
9907
6598
10859
9627
11044
7758
2070
11545
9769
15067
3954
6887
1958
6756
6903
13526
12600
10420
4114
5640
15402
15559
14702
9598
14664
8208
9759
15193
2468
10417
5847
9385
14601
10562
3012
4190
12660
7086
13499
2891
8614
9545
11349
5044
15668
4446
13029
13204
11239
8915
7564
4497
1133
122
14728
2469
7453
14825
13132
4985
11592
2979
3881
12865
7586
2579
1055
10926
12126
12444
13546
14596
4116
6721
9552
14304
3869
9621
5364
7370
8047
8832
3116
9086
8710
10532
11555
15453
4293
9320
4957
13443
9461
14924
578
14569
2489
5034
14132
9637
7622
15414
8233
9650
1163
12274
4654
13294
2653
11742
10319
10606
11042
12037
13548
13035
4639
3592
2418
346
2704
7375
13789
13307
2307
4511
6365
5693
9545
14353
12056
15082
8795
6666
5432
9958
2820
4575
8364
6311
7167
6789
1216
11492
12682
12332
8527
8043
15924
12253
1553
8924
10389
12236
1128
14226
114
10763
3919
15813
12410
5486
8751
9759
14820
800
199
7832
2369
1691
1521
9536
6503
305
4444
35
7126
10227
8711
7050
5847
10264
8615
9236
8517
8513
11010
13741
9420
8276
13928
11974
1854
11456
9883
12890
11488
5534
10894
11615
6013
9373
2079
490
14579
1012
5966
8547
6785
3399
9453
5206
721
2068
4030
9238
3411
15673
10647
6009
1253
1530
13633
12509
6842
8100
15619
4646
3778
14959
6969
13132
10414
2904
11850
8993
1844
5884
6590
570
3659
3496
5776
2305
196
7257
6933
12152
8416
9225
2161
9669
7695
12105
8984
15147
2139
14747
4357
4188
15788
5182
7056
346
7530
2854
6910
731
2481
10176
161
6140
13672
10385
8445
1891
3128
8593
4187
10216
15368
9268
6691
8327
15229
5819
9180
8421
11050
10967
11767
11262
10215
12793
4451
3459
9825
3685
13272
8656
15653
2183
11309
14652
2691
13136
9383
5819
11457
3714
9908
4681
10446
599
12354
728
5785
13030
9149
879
13937
2618
4984
6134
319
37
3308
9506
6208
15036
11339
6555
8886
6648
15063
11577
3368
15536
4364
6302
4178
1344
14379
13991
4766
5222
897
14921
12108
1604
14042
8660
4222
2914
14794
3903
2951
13514
7265
12601
13555
12460
5413
297
12508
9650
3742
1349
9819
7510
4953
5641
12273
12718
14494
1039
8504
3741
2118
515
13863
11924
8145
11941
9327
795
9700
3338
13770
14018
310
11325
7702
11247
3994
5895
7741
1736
7244
11934
12514
12147
12064
6829
15429
13570
354
2422
11682
8616
1907
3963
2203
3908
8611
8876
10913
2311
3402
13143
1851
2048
7962
8920
12177
11956
3025
5069
364
14075
1003
3371
10222
2549
5416
9651
10490
4335
9687
6172
4281
2076
5481
6484
5984
7668
15360
4296
4724
1469
1439
12719
3517
8768
5639
6707
4748
808
8218
1127
733
9221
2244
9489
7305
6684
13629
12815
11019
13798
15501
1227
507
15836
5257
9125
7199
3984
2195
11923
5453
11245
6974
502
3667
4176
12349
5063
12632
4131
6190
9612
5723
12054
123
8732
2773
7362
2061
2102
9823
7910
12287
9316
7746
911
13175
15453
4577
5757
14096
876
10512
15559
6518
4323
5239
13382
6230
13745
3107
15327
2115
6786
9417
2625
9954
12190
3843
14251
6545
5980
6341
5742
5440
2038
2819
2224
3559
7396
3533
10974
15624
4189
4585
10107
7104
5792
14271
2282
5935
4836
7753
8683
7461
537
10452
13507
2889
12753
11125
12326
8244
7610
8037
1932
11716
10856
4156
974
12741
10479
144
13117
15854
4441
7224
7250
7495
2809
543
7704
8278
7320
5165
15183
15361
9855
2834
14017
13735
1657
14309
5491
4536
6272
1279
7180
15073
9548
12350
3802
5213
12494
12829
4434
14197
4884
3328
11836
7693
3871
12709
15971
2062
1400
10644
1423
3728
7557
3406
12137
3956
7226
12790
8492
11974
4489
4199
4903
11203
549
10957
15783
3206
1239
4217
5009
12355
1927
6194
5194
14689
371
15654
6483
11627
5318
1084
8101
2741
10001
5234
14430
14389
7556
5938
5253
13566
10137
283
13637
15419
5096
3564
12991
12143
7835
1874
14642
11365
10464
14959
2820
5907
695
12337
2167
10767
13421
12078
8607
2050
12355
11967
15177
3911
8049
5675
6345
14063
15802
9493
7338
10706
2559
10347
12360
4883
6077
4614
6482
12246
5655
9302
12009
206
3833
8032
9928
268
9557
7465
2951
5912
3432
2370
5793
4135
3305
9937
12054
2641
5700
12224
2902
12859
8021
6542
11598
14689
5012
5116
10935
5156
10330
6944
10254
9503
9465
11434
4260
92
13825
8405
6004
10393
10775
6355
9017
12981
3582
10545
15622
8262
3336
3280
10770
11315
3678
10684
10004
6293
10289
14795
1137
15959
228
14081
11665
5923
5468
7405
6015
2213
5954
3597
13239
8743
2758
6256
11762
4687
10433
3227
12949
8903
9909
1753
4851
8076
13070
6905
4361
8257
7477
5498
14442
8751
13561
15365
3316
9173
7960
9331
6327
4138
11878
9088
5238
4780
7024
10856
6149
6447
7629
3689
15983
12027
15298
926
4103
9392
1641
15742
7793
10164
11900
3870
2845
9461
12381
6161
7471
12212
9980
14856
1930
1898
14088
7168
9571
7064
12959
6040
617
11474
8495
9222
5591
7436
2152
8368
8100
11190
1966
356
7170
78
1534
9382
566
13915
9929
7579
7847
4542
9181
5284
3500
4907
11740
6071
2115
1219
5480
6740
2204
1641
5165
7821
2933
3013
4938
4534
1413
13028
5678
4732
13583
11856
10794
1467
9771
865
15574
8487
2467
9607
3203
5334
14556
673
5407
3559
8213
4729
3181
135
7003
1984
1542
9936
10508
3396
15258
15239
10265
14792
5493
1704
2936
5301
5907
12346
11677
5481
12141
11328
2018
6416
150
3462
8527
4924
8595
10596
6339
5632
10461
5480
4281
2980
14945
6227
9240
14203
5466
2255
1988
5484
6695
10804
10785
12870
1542
3010
8611
4455
14971
10629
1961
8677
14091
14945
2391
4360
11651
7519
4991
15015
2039
6854
13621
984
12391
14899
5940
781
8951
1544
4703
3888
12348
10617
6385
5295
13627
5140
3606
9162
5280
2278
15852
6101
13189
13373
11094
6776
868
41
3681
14196
6895
11158
3356
5496
3108
176
6277
301
13896
3937
5283
7059
6680
14898
7908
4307
10391
11698
4222
10889
7832
5398
11212
5021
12845
15454
7266
12392
15495
12415
14196
3082
8206
11304
2434
1046
15361
12416
1347
14535
15263
3936
3878
9673
2293
11970
5366
14046
2157
15732
15079
5627
15522
10011
15973
12690
8832
7239
9558
1145
968
7754
10756
7238
9694
7678
6192
10333
10882
1299
14379
4381
2874
10501
5292
10449
4042
15447
6259
14115
15715
8820
13656
15870
2831
1987
2964
1807
4604
6594
6173
4269
8204
8543
11507
7634
10077
12188
1334
172
5111
9759
4209
7985
9114
450
12320
5072
7147
2579
13043
8568
3615
15980
2294
11273
11863
6814
12678
10956
6364
12765
9081
4304
10308
14444
11305
402
10632
2783
230
10
15168
4439
7975
6054
2155
14834
6493
9302
14203
9450
6245
99
15574
10095
11174
9222
9196
1504
4410
2832
11894
11329
9017
4558
12971
2288
4156
2092
4401
10070
13514
5233
4998
5489
9035
2319
12799
2542
3506
5247
3581
2739
15004
2137
12638
10178
4257
5834
13470
6297
12461
1576
7770
3444
11645
10166
3740
15815
7926
13619
6378
5588
7614
11236
1221
10505
8205
2229
13680
4699
1332
14355
8178
10192
15124
15305
11246
13870
10477
6900
7573
8678
15813
5708
910
11832
15742
2830
13839
14092
10789
14073
9824
9319
6307
14427
1819
1737
10512
6261
2962
9916
11000
15705
276
3980
15010
10970
3910
1611
9581
11704
14444
9768
8060
262
11744
13958
13581
13905
3566
2792
5343
6258
3962
3966
13975
15637
57
13170
9376
8530
12746
14232
14969
11837
13404
6103
12951
14935
7902
9084
13087
9458
9172
5147
5263
8716
7189
8318
3484
4611
4966
14141
8209
12832
3653
5766
2805
12539
7404
6037
11991
10853
4269
14512
6690
1354
8409
5831
5471
15305
68
8384
11358
2960
6619
8851
5123
7664
11025
14361
12275
15625
6358
1276
13648
2705
7042
10309
15244
5149
979
13109
2
512
3995
2780
10698
11586
7005
10773
15214
13217
6315
12144
9624
2682
12707
4891
1162
14028
3326
4969
3797
5932
12307
9851
3227
9244
4793
6506
14393
15988
13471
11077
6644
5891
1759
11313
7995
14908
9530
14551
4124
15138
10695
4356
7652
4132
15465
8877
2160
2791
10052
10292
9285
3746
13999
12960
10502
2968
3466
10035
2956
14046
1042
6649
5535
6861
5192
8230
9847
894
9468
7789
9440
8629
3433
13891
1014
10112
12912
3174
2535
2508
15026
6750
9362
15606
6843
1140
9506
11451
15039
11829
15975
2003
4676
250
11002
3724
7847
6666
13170
11477
1161
6759
4106
8217
7132
3092
14105
5428
5593
1273
7680
4853
4379
15207
1301
10538
10203
5442
10260
11797
9613
11525
7656
8145
11142
7143
11869
6483
15523
7445
3800
11494
686
15694
13567
1654
2113
6161
8534
7910
1290
9891
2853
9947
2954
12095
11764
2459
14079
15736
3194
10610
14211
5339
8609
3075
12482
2884
3408
6815
15143
392
12165
15090
5597
5251
5016
7906
15090
12555
5944
2200
9170
675
13891
12360
8990
13873
4963
2403
8007
1136
14351
6837
14059
8656
3762
10541
15628
1659
4404
212
11123
8239
7266
618
2126
12282
1144
12892
5871
11200
524
575
6364
11690
14071
2626
12197
6259
10266
12045
2077
4085
12738
15480
15060
10356
4939
14688
3601
9343
7668
2011
14034
10538
1393
4967
1111
12446
7925
13126
7390
14110
4082
7170
13580
12009
15307
14617
5750
5041
7284
7827
9126
13878
8347
10066
6749
2736
889
494
13393
8557
14483
9700
13386
2601
4811
4641
10425
12886
13849
12891
14476
11787
9646
9704
8429
8953
1784
8035
13994
2924
15121
2352
14181
12918
8919
4930
5165
8030
10192
8228
6671
6198
1472
10201
3597
6283
774
1594
6936
6504
4703
348
861
11123
53
7568
2170
1837
15380
1968
10855
4645
1017
436
7707
3792
11506
2744
5678
187
11605
15007
9231
3989
705
11778
7805
6075
2244
8987
12579
8603
7361
12807
13009
7308
11383
437
4385
907
7700
11981
3920
6899
4455
3154
6749
10450
15590
3189
4979
4421
10326
14210
10057
4585
15484
13748
8999
11584
4761
9724
12837
2266
9085
9846
531
8191
5958
10700
1140
11598
6681
5693
1445
7737
2539
10696
2713
13487
11587
13734
8197
1261
6620
12110
335
7136
14362
12426
4448
3457
9466
1285
4953
2576
3852
11578
5615
15954
4633
6755
10500
14158
9312
11945
6421
9227
12785
9134
9771
1198
6868
8282
6081
15752
4392
4110
13032
12610
8316
14728
9923
1783
3190
4970
15207
6806
11037
14678
2712
6404
327
8212
4562
6610
9877
11616
9693
8954
10866
6222
7756
6491
13940
1675
6739
6452
274
11804
12554
7958
5084
13369
3597
13486
12828
12660
5180
7751
4278
7724
7491
5500
5656
13071
5966
83
13073
15957
6579
2166
10070
14823
8657
5986
2659
9252
13071
13615
2552
10373
15429
3165
8375
3659
465
10413
15297
5348
7308
6530
8520
183
9730
13543
12888
3764
3604
5696
5751
6066
3530
5939
1099
10873
15320
7704
14379
7607
233
9684
1980
171
12663
5261
3488
13128
9798
1953
8220
1106
14433
15667
923
11297
12262
8300
5205
8658
3540
11035
8580
8546
10904
4168
13673
368
12464
5908
8761
3136
12224
9852
6165
15561
14447
12107
12934
8878
1556
10858
11776
5138
669
364
9037
10551
1792
4465
7404
1748
15500
1176
6798
1548
10272
1289
14333
3319
1525
5572
6455
4668
192
15710
11251
7256
2541
14329
1622
985
7062
298
6123
249
662
2597
9669
14870
14132
1073
6762
11224
9959
6108
6324
10176
7397
8009
9143
8289
7546
5742
3101
13882
12176
1264
10478
899
3568
9660
15914
11130
6291
11720
10881
10371
14317
4922
14752
13023
13705
3958
7369
8297
14483
1923
2473
8914
11195
3186
8269
12875
2556
976
1007
884
921
10104
13833
1271
15556
4063
3215
6735
9689
13810
9147
10772
1601
14043
12107
15306
10085
11262
14157
11602
1150
14172
10027
10045
1358
8098
13170
14802
7755
14177
6074
6940
11927
11709
1261
2996
2135
14332
2405
5680
15478
11552
5397
13877
6021
1504
11918
9575
6875
8383
5177
1881
9578
5348
8164
7780
12617
5334
1071
11138
3511
10997
1946
13095
1195
685
15525
3330
2353
6976
12750
7975
3943
7353
4253
11934
10784
10027
3785
11515
1644
8329
13396
7934
11795
5232
5665
15178
102
11406
4172
5859
259
12082
7236
1454
10747
2145
976
3244
9754
2523
5030
15667
4830
12477
10543
10046
13550
13695
4675
15194
12168
8721
14251
15627
13953
10060
9294
7707
4798
8294
8055
4539
11579
10675
2452
6326
7309
3428
6679
10919
905
10051
10586
4370
6528
9899
4180
15122
12204
138
72
15964
6757
11677
5848
14315
4527
3446
12752
6291
4848
10841
2385
6571
10323
15933
3352
1632
9639
11729
3065
15561
5780
14623
11685
13164
11276
13649
14042
1969
2489
7970
2005
9779
11336
3843
14238
15753
6541
14482
15083
10756
4274
12698
8145
14597
2909
4119
10085
12924
9624
8980
12485
12156
13747
5344
14992
2471
2360
15050
15498
9985
7653
11992
5938
9827
13995
11440
15782
3903
4411
15301
4803
6931
13473
3342
14478
11580
6288
11607
1977
12664
12483
14462
7429
7408
3607
2293
23
4897
11832
6036
5088
2275
10044
6361
12102
8039
14935
2464
2086
12270
8340
2583
6271
9803
6558
1649
4750
15730
13256
8917
2538
3595
10455
4891
12187
3008
1673
9347
1889
13505
233
2312
11230
6189
8673
7016
7994
9738
15992
25
10241
7284
13008
10368
9018
12594
2966
1876
12324
11854
4823
1387
8374
10368
134
14417
7865
11663
5070
5976
6448
457
3664
1362
10268
11153
1094
7843
4258
13897
13892
161
10435
4716
10207
3453
7245
8759
14423
9713
3980
6400
14470
1750
11257
12153
6523
12978
7800
6082
2954
3759
10375
1107
4351
5462
5954
9538
2311
4448
7435
9269
4863
3144
13985
15913
5202
596
800
9769
14628
9324
8880
13098
11074
2377
15055
10062
15355
14256
12020
3451
13601
1645
7512
13664
8509
14099
13346
14652
12493
10835
7695
9003
13820
779
13054
3022
1375
2398
2825
2747
11089
9945
138
3309
6178
9049
9247
227
5207
10349
3045
2250
8071
11533
10781
15036
12422
1345
7439
5582
2803
482
2723
8849
1261
9695
5827
13125
7297
2508
5888
3792
2530
11894
15850
13504
2212
9397
13910
7419
319
11279
4536
1082
12956
10155
9974
6045
4116
13465
1771
2553
13506
11122
4214
14767
10799
4531
9868
3502
14610
10349
2811
5936
14455
2961
13296
3757
6214
5062
14929
249
9783
11751
833
7316
8260
4176
4873
2000
1641
6644
1186
4135
4478
9172
10879
12465
3214
10891
9505
10748
6686
3300
10956
7598
339
13660
11355
364
8035
13430
115
3942
1679
1581
12626
9939
8739
1499
2428
15092
1329
12002
11590
15663
4298
5433
3198
5060
9148
2280
15808
3095
10036
4852
4503
4186
7825
6002
4550
5900
14083
10951
5774
2548
15514
6219
14120
8253
13862
4308
8528
2044
1778
3082
13619
9540
14659
1450
4111
4345
6974
11697
7440
12938
4578
12793
1104
12753
14720
15510
12963
2813
952
3023
5879
466
9242
3999
1386
3001
15691
2714
15043
13913
368
8432
12964
5171
9882
14541
826
13092
5378
14897
15541
5660
2104
4581
2763
8648
11562
6034
5317
10610
7192
71
5856
8194
3928
10614
11337
12630
7900
524
14717
14412
7459
4391
12033
3721
10150
11840
6324
5405
9201
5865
4921
11305
5170
13443
8168
14884
5995
13149
4274
8573
7076
15975
6278
2363
783
14001
5733
8050
7966
2840
6462
507
918
15940
9358
3088
4100
15682
2349
13301
10069
7713
866
5888
4316
13446
4700
5305
5808
5085
12227
1268
11254
10051
14905
12037
13806
12972
4087
9844
15643
15556
15481
6705
384
7410
3617
10628
7728
15365
1543
12286
14492
3351
15746
320
15452
11046
5625
9644
131
9398
4768
4231
9593
14162
2683
4846
1190
7548
4998
11403
7992
5626
14554
1096
6892
10574
6468
7140
1353
7605
10854
9627
15149
744
9307
14601
11157
2462
7371
14184
11227
13397
2712
4652
4057
29
9498
7622
8039
1011
12881
5464
4615
5924
11632
4109
11350
12589
4367
3853
1160
4002
13480
2011
12742
8829
12590
14043
4325
925
774
13046
6961
1938
7761
3240
7505
1737
1762
6216
10582
10392
3936
15197
11532
10057
11056
14878
6646
12200
11025
15342
14342
2455
2036
1228
12518
11590
978
14337
2026
11608
4866
11065
3526
6961
11167
11031
13062
10038
14671
1847
15646
3240
8794
5034
7153
9361
9844
7961
3911
10747
8619
5569
7058
799
1803
10540
13716
15175
3797
11690
10977
10925
5519
7451
13730
5648
13436
15313
9542
9404
2534
6428
9836
1472
1394
4771
10833
1382
2884
6922
9365
10265
8503
15193
12045
8667
10797
1671
364
1655
7217
9980
9180
1698
8041
3195
14414
15966
2508
4239
6562
9830
14805
10254
8358
7900
10517
7630
6518
2223
10564
516
3128
3700
4821
10299
4889
14985
9790
5253
3474
2573
10871
12654
8981
7659
9459
4800
1481
2905
15183
14101
12735
15622
12153
15582
1378
4508
8404
8529
13715
13840
12715
11557
15716
1536
6769
11011
7049
15057
4731
10523
13117
9860
2928
15954
11375
3325
11154
12856
719
10173
1245
13454
9918
4764
13036
8540
10112
11368
9845
1683
14719
2870
9241
997
5699
10
6619
14650
8903
11350
14616
15876
15066
4216
15153
11074
891
10143
1786
172
11933
11030
8229
4129
15794
14663
2813
4395
3928
8335
6078
15065
1349
12837
62
4350
9317
537
13489
15781
5743
3511
95
15298
7889
5202
4228
15146
14712
9602
10787
2779
14572
12414
6908
4289
4539
5895
15894
6755
13560
6184
7690
9300
13510
2861
11050
11807
13254
7077
1732
2130
14884
8852
2832
6773
3650
1396
2116
11062
14350
8857
3985
3327
12443
4723
7106
14634
5107
7000
2368
12523
6960
5322
3223
9450
8605
710
10768
5282
1685
12972
12848
1202
9792
5824
7641
11653
11572
11669
2757
8922
11090
595
10405
8503
4128
13155
1626
9235
15989
11622
15369
6316
944
3854
15850
8916
12856
1062
9778
10538
12543
12770
15480
12607
13022
13265
15046
8594
7315
1800
15672
12261
2395
4566
5397
4411
11577
8593
15313
12221
11401
56
10095
4313
3798
15611
10747
14569
15182
4947
15251
11725
7823
14731
2188
10801
3620
13631
7649
4791
4169
7954
1685
6564
6376
14678
10975
13663
13415
11662
8414
13986
13754
1681
12155
2185
1437
4103
13472
2255
15156
1779
3326
6346
15106
10102
14469
12582
12471
8865
2006
640
7055
2069
2268
9177
14869
1782
5370
1454
24
14417
9296
14363
3264
693
10404
10845
10820
7740
12372
12297
6097
15918
193
557
85
14276
10119
2530
733
7887
8681
7788
326
9587
4755
14543
5225
14752
9853
10166
15665
3149
11803
9743
12945
14601
3955
7851
9139
8417
1698
6814
13012
1891
9743
3073
2982
11754
10399
5757
14130
14282
7542
13804
10206
12297
6836
4981
11049
14927
469
1528
1289
14522
14834
4344
13123
4735
13277
13840
7008
12212
14510
9996
11823
1377
6925
10667
4866
1957
14559
12620
2469
6101
4960
12675
13218
1876
8449
3342
2562
6698
4602
5621
13687
2324
11133
6708
13589
7206
8235
10052
1138
15869
13904
3288
613
5462
1661
11747
1275
15396
14511
8662
12849
3471
3380
5142
7106
14925
8484
15812
7773
10026
5809
10156
11717
942
2063
9306
12408
10298
5398
2703
10167
6861
15769
14692
7543
14186
2945
9732
8071
11566
2394
4778
14404
8870
64
3962
7795
924
11850
10511
7531
6041
14523
11814
4757
12460
3636
7651
3982
7215
4948
11956
5790
10899
4968
2283
3574
1390
9745
3971
3100
7351
14893
8032
12008
11148
11930
13659
3544
80
8170
3987
3895
14434
9657
8652
1974
15490
14366
5323
1581
9458
489
4209
2074
4479
14074
112
3603
1815
5389
14864
15310
15648
6896
3302
11500
5667
10990
8589
15603
2600
12576
11485
14582
14894
2833
7097
1232
7343
4370
12803
15448
3881
14604
11378
8360
9082
11266
5732
4719
655
6868
5409
1007
28
3404
6996
15495
14558
15585
15885
1158
6017
14102
8087
8877
10875
990
8355
14031
5360
4448
8281
9241
4012
3097
7871
11214
8219
13603
3361
2730
14327
12741
3737
14932
145
11027
8283
4847
11442
7602
3467
11208
6500
4620
2331
3742
11754
10441
4145
8358
14889
4136
7027
388
1039
14523
11602
8820
8936
1864
9910
7896
5123
8113
14932
14834
13109
6649
6013
11523
3762
13454
6731
3406
12677
12065
13292
7185
9110
9147
10032
11923
13283
3005
12311
11150
1662
2192
12186
8093
11560
15664
9659
9563
2328
11417
2253
9293
8210
12240
4816
3644
3550
3436
10727
6873
15501
2565
8547
12535
11079
13037
8458
1110
5968
4136
8867
11061
8088
3319
9298
11968
11712
10217
229
9384
7344
4120
15909
62
7880
14581
1421
11670
11145
6694
13032
10500
15403
15435
13179
14990
2398
5004
14883
2222
6476
7750
1017
8244
10575
14425
14068
9329
4208
2161
6199
1696
6281
12434
1001
11311
2780
8566
837
7781
5404
13869
7770
10809
8456
5409
5184
3798
10413
10211
6653
10081
7511
1526
1837
3064
3734
12231
15246
9382
3926
11589
7681
8499
8226
14826
2812
4610
8224
1478
2973
13180
12391
4797
7485
1576
21
2301
2222
10392
14054
8875
9984
6543
10726
3795
498
13136
14957
11108
3754
1175
481
1579
9041
7745
9067
12373
3009
1291
13851
5349
13967
6971
6696
9531
8547
9325
13374
6325
6578
4821
13039
15054
8134
13687
2911
6984
10823
7604
11876
10895
7062
1868
6051
1979
267
3128
4496
12973
14796
13902
1480
8997
6931
5216
13088
1616
1402
15653
14085
7980
5168
1046
930
8458
883
1981
807
84
112
14787
11444
7174
3081
751
15051
6757
3879
10555
11886
4773
7159
550
3591
228
5766
6503
7988
13312
12300
10176
4180
8868
9130
5110
14957
4502
13618
4294
4418
13730
11651
9718
856
4243
8967
14195
13486
5721
8750
9372
10494
3920
15550
6903
10292
12360
10889
1647
6577
1411
13615
4859
1946
10629
5260
3155
9873
7642
7449
8780
15944
9244
2498
912
2129
5954
2717
4643
11675
15889
10873
15591
4031
11323
14199
13690
13194
9454
10135
6617
4751
3480
1620
6697
14109
8736
13398
9747
10950
195
7111
4750
6810
4613
3838
8939
1341
5023
14215
6872
10645
2802
14230
14676
3636
13043
12366
14786
12411
2231
8169
8340
11855
15595
6090
141
9774
8692
6394
14580
7362
6861
11653
1444
11474
13959
14649
356
7123
9422
1084
12478
7253
12710
13802
3617
5863
11541
2403
2274
3166
4428
6699
8056
4833
5535
14059
8463
1389
13809
7676
13009
4670
10121
11019
6288
1392
13003
12076
7101
6425
5641
10623
8082
2351
2332
4465
13121
9209
8206
5153
6231
12222
4598
7969
11544
15339
6028
4007
4399
3837
5539
14208
8507
11418
3716
1454
7299
719
10622
198
14616
11125
15936
9551
1715
2268
1058
14836
15203
8631
3539
884
12409
6570
6452
15135
8769
12480
13631
11630
9788
12446
2933
14719
9461
15217
3409
14856
11358
3542
14658
3258
949
14594
9707
12952
8610
10132
4260
3263
6709
6232
4780
10300
2814
14328
3924
10177
4296
14061
4298
652
651
14635
14738
7190
3996
8291
6046
8638
13639
5401
3720
395
15337
11498
12125
9906
3842
13646
7025
5065
5594
3811
909
13352
11627
3015
8087
10182
14810
6241
9530
1208
7606
11352
8398
2534
6462
11661
11172
4101
1062
12963
2438
1725
8461
11824
10129
11381
2
8615
172
10020
12426
737
8244
2052
2911
5429
6090
11577
1445
15620
5631
2907
1243
12076
1006
10781
1593
5834
3176
3105
7129
14629
1380
5734
15019
14596
15503
595
5981
15675
5001
12589
429
2371
681
3662
1672
5409
7915
12499
15518
3227
8959
8131
2705
8047
7206
14154
7737
10382
4951
11097
5609
12475
10637
1132
2121
645
13889
13658
970
2870
15858
7543
5241
9033
11205
13064
15075
8801
5579
7167
13444
1078
5180
10005
12635
2026
7457
4265
6264
3208
15312
3110
6733
9949
5230
12273
14878
3752
15541
1459
882
217
9002
9870
6551
5898
2950
2380
9047
7087
10931
4397
2654
111
14402
6019
1915
9055
4390
2035
4009
11914
8781
4874
3546
14644
14469
11332
13220
14643
3729
12338
7718
4640
3264
4413
4886
15686
8177
13933
1890
3108
9536
4544
12397
1278
4419
8168
477
662
4780
3532
3040
11999
7486
12730
13355
14528
765
14897
6029
13036
13048
13747
7796
15304
7945
2910
11115
232
11023
13005
12909
4913
14067
12454
13491
6352
6203
2986
14746
4721
5598
8319
8752
3165
4411
12030
4637
4296
10833
1392
14251
2215
5283
3401
2600
3482
6944
7485
3081
10223
5520
3684
10821
1309
14914
2670
14099
14855
5827
3404
3576
4191
11723
5809
8260
1168
11695
9767
6097
862
1303
1702
13566
3519
10513
5034
37
9713
2663
12956
6169
2857
10496
11348
14022
12215
7874
6221
7216
2047
13183
11727
8745
12854
10082
8467
1197
15633
6811
14756
5265
8114
458
7699
4595
199
12739
5931
9279
5924
12743
3110
3067
7744
2094
4811
14327
5648
15223
5543
9112
6262
9816
13759
12103
13754
15534
3444
8373
9271
4688
2611
11646
10374
5088
8949
10573
8284
12982
5620
2360
10358
2510
9782
12470
1156
8449
10797
9445
1528
10196
15667
7193
1115
7948
9440
3361
13730
2732
14371
12174
14044
14634
7820
13526
11894
8727
13047
1582
198
9206
4733
4412
5572
1095
882
10951
14790
5535
8350
3371
15885
2539
12178
8472
4343
12594
15600
6613
290
13971
12643
8390
15337
14319
10864
5087
7679
1561
4138
1733
4623
6739
9471
4788
7782
7411
5883
8992
6802
3677
9397
6917
7282
3363
22
13061
9231
15994
13530
13203
13977
10806
10023
7170
6491
841
12257
4956
1353
395
12777
5976
3512
12694
11044
5150
11427
983
6985
11375
4660
15234
12781
11942
12504
8957
10975
9881
521
9138
9165
14498
1816
13044
15524
1165
9308
3835
9302
14099
7049
3475
1733
10561
1270
13410
15272
5843
6283
9359
11707
2256
7023
7128
170
15337
85
5634
55
5708
14772
13034
2646
9188
15990
13446
7977
9298
14335
14675
8219
10232
12639
10585
15038
13909
13765
4454
13608
7482
11095
12445
4630
8262
12043
711
7708
5814
4923
8347
106
13551
11525
2752
4363
11515
838
6196
5292
14130
15360
7367
3898
9761
3808
1284
1996
14043
9878
11612
1050
8639
6344
15536
1010
5699
14825
2574
6002
13604
4083
15964
11155
7442
2411
6242
6515
3249
5557
11807
10881
3659
3807
9268
6102
9855
14160
8098
8531
12351
2630
3437
770
8974
12643
5904
8786
3329
3330
7072
5725
5391
7036
15919
12639
14481
6323
3787
10279
2024
6166
5542
14365
8503
12274
4467
14015
15945
12907
10516
12406
11234
7807
10508
11408
11166
15837
12478
14307
6363
3550
3399
14395
5075
3480
14244
12060
15947
13585
3133
1338
6354
14224
9769
13851
11806
5935
15836
4139
12698
4208
2123
1464
12401
7752
7361
2056
7915
3839
3749
1552
8022
10206
6091
8663
582
13358
4749
14732
4673
7101
9402
4883
8877
12445
3367
13071
6510
3203
577
677
7572
14454
2141
1315
3266
6114
741
5207
7786
14979
4288
236
3041
7947
1429
4256
10311
9438
5524
6143
15077
690
1260
56
2481
2107
12382
6460
15817
3103
993
2083
7701
3134
15232
3802
8491
4002
1405
6421
4833
15549
3671
7742
13909
5100
3486
12402
11662
2038
9741
5228
4796
512
5284
7826
11451
2758
14634
4366
345
15627
13717
2059
2999
15118
14257
1634
4972
9518
7561
9805
12060
11232
13937
9969
5428
790
13567
9133
11104
12819
12095
15203
3475
11235
7029
8024
14626
14539
11757
14281
5056
14040
10196
14199
5066
7163
416
94
12844
1833
9711
15216
8062
6263
287
13490
671
2720
8993
4289
243
14944
10914
3718
4804
7529
4507
9822
8990
7250
1959
12066
11434
2828
5984
15749
15481
256
9511
6181
13527
13711
6965
3883
3974
1108
8974
3303
1299
19
7592
1542
6164
7167
4845
4648
14696
9352
8326
2175
11958
5331
15965
5620
1313
15811
12015
4333
15555
1871
14152
2593
5696
3302
14710
9670
11206
7684
8787
3111
13176
7339
3942
6132
172
15097
4836
9013
11889
13346
4428
69
14129
4463
3921
3817
11975
8539
516
6276
524
4812
12317
6220
1510
15078
15890
13389
14750
15041
500
11926
6380
12558
10206
5919
8683
774
3050
4572
12572
8138
10647
15076
3675
9907
2867
9506
12302
6089
415
12826
1277
13954
3046
10256
13032
2824
7645
14915
1865
13615
12845
1227
15576
1540
5164
9107
766
2114
12426
7827
5364
1779
14857
7200
11686
7748
2306
7628
1779
3039
946
6646
4452
2100
12390
8580
6868
5111
1351
14877
7871
787
2983
14439
5391
2003
13690
11375
4750
14736
2558
9242
1148
8057
13958
8926
15805
1163
15695
1974
11414
7395
7987
9038
11338
5095
10031
14326
10839
11382
6062
12824
4451
3079
14385
940
8780
15305
11076
2086
64
1982
8211
11068
4944
3303
13858
5139
2140
4307
12624
1429
11069
11139
15005
10125
3812
9036
2307
14651
10565
12245
4141
12258
12978
11900
12565
12435
10572
7641
5651
652
11803
11610
4272
14869
70
6414
4219
4074
3404
14549
10113
4617
15832
5865
5508
12020
13027
1671
13120
3682
14549
13165
15307
1571
8432
11872
14006
12612
5959
13156
5816
10156
14454
10088
3514
7760
10358
14027
4415
6954
3040
8384
12193
2936
13481
1701
660
5965
4005
13780
9647
3206
14752
8954
14365
13328
11354
13004
15284
10605
9704
14956
5394
8158
6572
8908
5113
13642
5119
698
10387
7777
7686
14194
11159
4694
2004
643
1271
11857
7626
10918
8651
8874
6233
872
4454
10879
7732
11314
6117
14180
2502
11511
11533
398
1341
646
1576
12604
1344
13509
4827
9658
52
9486
11108
8200
8843
12379
2487
469
8952
15980
3199
9041
15108
7399
3920
3113
6759
5579
11067
11743
212
6600
4655
14063
8370
2432
1459
8974
4923
9512
8143
4497
6170
12365
9847
2838
5525
12334
8513
13283
13158
4681
9292
8539
13392
10628
11652
14640
462
5559
3247
674
4090
11897
8122
6316
6535
6663
7831
11458
5686
312
9672
3760
10091
15825
922
15616
2020
6958
13667
4994
1783
11625
13533
10535
6508
3041
11895
6970
1885
14509
7972
2205
7244
15850
2377
709
12324
10208
893
7462
6104
8779
4394
5706
3093
8983
4150
10929
6085
13166
15923
1604
681
7945
15075
4029
10986
10337
2941
9101
14990
480
5162
13890
6774
7444
13181
9242
13236
14074
14220
8851
10806
11685
10915
13857
4804
551
9072
14719
11755
6851
10179
6925
8652
4896
10954
1489
5377
8646
8388
5105
13978
7263
7215
4720
6325
12110
12111
9705
6065
10331
6916
5115
7498
13785
7258
13306
11769
14186
12025
7524
14893
60
1167
13582
11797
10420
545
276
12922
2013
6014
7200
9276
2387
13520
12807
1752
9631
2409
13943
14451
11493
8828
9047
827
7714
14748
12596
15672
10987
1640
9077
10294
13442
4505
11359
1718
3960
11635
8496
14686
13967
1296
1818
9751
14816
15258
10257
2936
3151
1272
14229
4788
2300
13420
3961
10586
14672
2491
10914
446
14516
13847
6152
8782
6025
1511
10500
9985
2470
12620
11299
9668
4676
7152
2341
13348
266
12874
15332
6971
1470
11911
13817
15170
7020
7289
5272
9924
10942
10042
5246
9458
7889
5238
6820
1864
9871
3680
7488
1852
916
6685
7816
15448
13837
669
13429
7657
3795
8047
686
11409
4497
13870
723
2523
11303
11451
1257
6245
7553
9500
10402
336
10734
3582
12689
1496
1751
5201
356
12949
5742
1316
12868
1548
15353
10417
6411
9292
2370
6358
10915
723
2344
5808
8056
7041
8213
3802
5348
660
11842
10946
14620
14892
9269
14069
5372
4596
13126
5728
14071
2259
4412
4941
11809
5707
668
13396
3585
12191
8962
7330
12914
5162
4622
15459
12203
3591
3261
7488
11365
1275
12542
120
15449
15667
8045
11428
4929
15660
444
12369
13401
5249
7454
9210
10956
7489
10330
8004
11298
9121
9190
4528
1333
15057
4787
11503
3112
1904
12847
11628
12437
3245
3868
14219
3545
1967
3503
7528
13693
12941
10041
4950
7692
8610
7600
13753
5023
1297
5757
9151
8176
8803
14479
6107
13900
3899
11466
15237
9813
2169
10865
9999
6047
6997
13542
3448
1114
10039
5776
7068
2492
9776
12018
5289
1166
1093
3042
12333
13226
2655
12818
1094
4158
11297
5013
14191
420
10968
13428
15872
2479
13467
11889
12432
6470
6185
872
13728
6002
7281
6660
7122
8639
153
1833
9805
1246
14791
9478
5836
3864
152
4742
5805
4167
3611
2242
10098
14579
6090
10226
3267
12059
12259
5843
15445
9926
4338
14283
15928
3201
5162
13338
11840
14865
14538
3827
8525
3473
8455
2689
5120
14447
4091
1069
2614
15520
14827
12760
8588
4555
12390
5321
15002
15869
6666
5701
10057
1148
5488
3841
4349
10650
7136
9283
9515
13546
8650
10846
14597
8367
7843
12667
6080
2078
1880
14205
1925
12909
1445
6663
1464
4422
9776
12318
4291
442
9383
15745
14659
3262
2048
11834
14756
10912
7938
5248
1014
712
94
10100
8288
8884
13433
3936
6806
5814
2141
1263
8905
12663
15256
9192
8241
10520
15366
2194
15143
9384
7533
7658
12646
9882
5680
11402
10938
13618
6154
9291
7395
4429
10665
9539
7169
13662
5603
13975
12140
11905
7201
3868
15242
6457
6916
13145
9574
9334
10133
575
2718
2299
15061
10108
2273
9381
6805
8665
14726
3103
8100
6121
14674
13435
15956
8495
10464
497
14657
4468
3214
13600
600
13828
13287
172
683
13005
8529
4167
2036
14225
8012
13025
12794
10261
11917
5873
4548
2809
2770
13457
2786
1415
9878
3314
936
6730
11805
13721
5051
15964
14151
14307
13864
1497
15112
9036
11508
439
1275
14983
14664
15431
2152
4274
5170
1547
1599
15754
14212
14858
2405
14618
13443
7894
8076
8235
992
4362
10997
9573
1746
12846
10633
3882
4651
14335
15010
12368
14774
2265
11351
8322
13920
2113
2107
2606
11323
508
2993
12745
7794
5556
7384
15505
13450
156
8373
1969
11098
2624
1686
2772
15470
2463
9379
10186
4128
2245
6554
4502
5531
7567
3187
8389
9680
5294
5484
8213
3670
13283
5591
12509
6633
14207
12014
9816
8219
4387
1703
8390
11619
15983
4238
12782
7659
7473
3548
3531
10351
246
8666
4820
8679
15335
8551
1001
12103
3067
3703
8433
9122
6322
4076
15228
14259
10579
11556
12184
6794
15997
4574
10542
6124
297
2240
14465
7770
7452
445
3639
7698
2077
1181
15239
1412
12881
5520
5309
9524
8039
9268
12337
14283
5297
1709
12930
15740
13265
11235
2938
2354
6661
8396
9914
814
4492
7746
3073
13040
8191
15434
802
6114
11104
7707
5154
1777
12594
10463
8253
4555
11051
4590
7267
348
3173
14053
5536
10092
6328
14035
2118
5178
287
8837
4364
5412
5053
1291
12308
13244
7368
3861
6114
12264
11568
4348
1575
1310
15971
9322
8756
11022
779
14511
3613
2394
9196
15293
13209
10581
14742
1235
10597
15662
14542
5489
686
3595
6147
11622
8633
11957
7761
869
15693
9318
10399
14348
7992
10370
5026
15236
15735
11949
7603
3348
8922
7104
8785
6131
12523
9410
2106
2352
15892
4197
12863
6722
15398
15428
1244
6132
12529
14994
2471
3394
8312
2113
7730
6464
2113
2807
6595
2378
14756
10864
7114
1794
12240
350
10481
14907
796
7742
12555
5240
12455
10797
13510
9087
11369
12266
5363
2387
2728
2259
7151
14432
10516
14788
8601
8403
1595
4138
11536
9121
9274
2650
11548
11025
7556
1067
5684
2208
9325
9762
3032
15636
14415
10478
8818
9784
7377
1435
9589
14505
9032
15509
13570
1484
10577
27
15398
7018
11889
10934
11959
2615
11888
8109
8410
13933
12553
13907
141
9372
14091
13742
6897
15676
13540
1921
3964
3693
9370
4992
2831
3035
4373
5359
1551
14950
4524
3991
1788
413
14925
1869
12884
8548
127
5107
10615
2570
2746
5526
11942
8635
13124
5045
2815
217
13110
635
3910
3107
5499
597
15928
9872
5094
11335
12938
9618
7977
4850
5585
13092
2530
7932
9976
8547
6895
9217
11117
14005
15376
2413
496
3116
1999
3311
6957
15109
1814
11500
7256
11682
9663
7184
14190
3936
13008
4259
15538
775
591
5414
1749
8083
3626
9402
14986
2875
6329
2275
11130
2903
771
5482
10276
8628
12967
1233
12625
14781
6589
4736
5153
13559
3696
1784
3479
9312
6043
3017
8537
11596
8541
4775
12570
13305
5229
10204
10430
14900
1990
15416
2436
1219
10718
2904
14735
7931
7815
11360
6217
15407
15520
8792
6822
3543
8992
4157
5769
15035
8442
8795
5618
9122
8190
3572
6427
2961
13776
4270
10205
15850
4854
2087
8487
10533
817
3608
3296
14143
7119
15959
1264
7599
6232
13674
1286
10248
9517
14972
4154
1959
1623
11320
14981
6567
8252
7921
15944
12172
13281
5739
1833
8427
7157
510
12816
1498
4751
5847
3355
13632
3968
14475
15889
8408
15199
6908
2473
8716
7936
8175
15430
12457
3495
5695
3024
5099
13616
12920
13217
15665
12515
15050
2581
786
4051
6363
1345
700
2354
14556
8188
13753
1952
1933
9455
8321
11025
3688
10094
3055
1657
6092
15512
1838
13685
6936
793
702
1904
1935
10223
4756
14631
6660
11686
10580
5214
485
5136
8048
14704
7180
10295
9392
9746
1377
8785
14627
4407
12737
6061
12617
9357
15595
923
4961
7974
503
15519
74
1432
3598
10974
7055
4725
9589
12124
9939
9104
11116
8035
1664
2929
2893
8272
9085
4628
1690
602
221
1191
5459
12838
9915
15647
13128
11046
13817
2769
4421
13891
10345
7597
7384
9434
13150
4787
12546
12789
11683
8295
10335
6614
10536
7442
8742
11995
13402
5184
11393
13181
5742
11341
5168
5801
11694
7176
10755
13877
4407
3522
6158
12082
4075
11082
3956
6292
6295
1135
9225
11245
6186
12056
11715
8750
1530
11159
10871
11872
5854
10378
3542
13876
9897
14374
8075
4347
10066
8824
12614
5659
5302
2139
7731
9377
13201
3929
15947
9727
2794
14789
4972
492
13267
10543
6374
12370
15384
8227
2098
12614
12378
9976
1262
3197
11602
9337
6661
5668
513
12341
1471
4789
11942
15884
11939
8510
3180
9874
14783
3498
8663
45
1137
10763
4444
7511
11463
1932
11205
13561
13913
1173
1926
12651
4120
13528
13319
4835
8707
7688
3951
5438
13388
6037
15957
6289
1069
3137
163
12142
5783
7423
6043
6920
6516
11273
11674
1979
3044
6879
6220
10869
438
7470
7520
11058
10575
15655
5234
4276
7640
287
4982
10252
5750
4939
541
5808
1396
8768
11806
12246
15425
3278
5326
8909
1065
1000
2926
4109
13881
2661
9240
14319
4809
2353
2628
6376
2008
14006
10652
11776
13719
15001
6028
3469
3940
12713
13661
8055
3312
7366
4191
2737
10644
3373
1157
9579
754
14231
11163
981
892
14259
12705
1594
10468
15333
7970
8651
12133
7483
4427
14414
13662
9822
5055
7870
2937
7389
15815
15625
9879
4006
8623
765
13748
5836
5272
1114
7605
10291
13521
14798
6433
10226
6536
13891
15913
1110
5240
3570
2449
14554
11300
11213
1096
15722
13290
4033
14477
13105
4291
10742
11600
11668
4109
2148
11360
12379
14966
12821
8401
14555
1977
4176
1324
959
9715
14379
12558
15588
8156
609
5110
12856
11189
11986
9010
4043
15597
1985
6938
14550
7243
1482
4074
5208
3630
15434
9462
10808
2728
1863
8730
4767
7543
13550
9257
14358
13543
3301
4914
5699
3452
10024
12428
975
14038
4034
6788
12470
6652
5661
4596
7751
8473
15889
2024
15332
6599
7438
11476
6289
3157
5266
10071
11060
7716
12288
6198
5892
6171
1917
10169
5993
8107
2875
14159
11656
7542
7371
814
7566
2584
9926
15815
3926
5801
1839
5262
15835
545
6214
15980
12468
15685
5909
14592
1257
3563
2095
14611
5882
13868
7469
12508
5761
10344
14349
12039
3874
834
14631
4176
4051
10662
4994
9981
4995
12845
15243
14686
12715
2885
317
9183
3190
552
10920
14700
12134
7175
15911
2016
5043
14586
1092
4660
6247
8887
9254
13627
7420
7885
7182
6487
8921
12176
5292
3293
6813
9951
4607
10098
6692
4924
9574
4135
10773
1346
2835
763
5829
3220
12837
10872
8299
12176
84
1070
13145
12974
14697
419
10600
7515
6068
12095
1483
15224
8802
7953
11417
11172
8289
11908
9376
14715
43
1611
61
12734
15152
376
12630
3196
4352
5525
8980
11099
11545
6125
1399
15863
6339
9201
8348
9353
13383
14646
7944
6185
6693
6111
4869
14982
11875
8734
3208
9842
7123
6203
3252
764
6460
5393
2432
10812
15868
404
9569
924
6529
5457
14939
8892
6112
1143
14004
3495
13503
84
10313
11420
6027
15182
9073
3225
7700
13191
2549
6088
12222
15930
11468
11906
5463
13900
9395
10285
13496
12820
6639
2889
13339
13844
5370
6594
12068
2490
3099
9571
12262
1070
3662
12145
10741
12737
7080
3103
11832
12102
6425
1418
12032
5043
6145
15575
6529
9396
5290
2889
9400
1440
6411
12250
5428
5103
2844
1496
7243
3529
15038
3505
15088
10768
15650
5787
11825
9203
6726
7
5305
7976
4733
11193
12453
1412
4382
2145
10952
15816
15256
11897
8216
1011
6497
12579
10236
131
11397
13007
11956
11325
512
12988
9523
14821
8799
15204
11762
7584
9053
3399
9912
4953
8448
15395
221
11934
7684
10098
13722
6307
4345
9045
4176
10842
3848
10573
5289
371
8036
3189
4553
13035
810
7684
13616
14133
13991
1854
5717
4938
5253
14051
6129
7557
6855
10725
11623
1077
15373
12415
11374
9862
10156
9435
4704
7756
11608
5559
1978
5828
13630
15229
8793
14440
2559
9207
10796
4568
13497
14935
10119
1612
13619
3990
6447
6764
14715
968
1697
6802
2866
6956
664
8738
10247
4104
15755
8495
14545
13883
14323
6664
2504
1605
14960
10553
13746
5860
11496
10610
6292
14623
15142
14817
2613
4956
8053
3799
3548
3500
5015
9202
10456
1160
14309
1057
3200
7696
7438
10166
3893
250
3502
253
13761
11458
444
1651
6231
11940
13211
6205
12539
14702
5022
15785
12398
3219
4014
7150
15719
10857
14581
5226
3553
6746
4169
15014
950
6096
9180
3201
6346
2826
13052
2441
7368
6464
15210
7281
11157
14634
3630
7696
8424
6964
1337
10794
12255
7179
13672
1485
12525
5235
2403
78
1511
14234
10920
10417
14282
4404
8784
8064
7230
14124
11255
11507
5221
5784
14082
10234
1342
4915
11786
5850
4095
1860
14972
5861
825
2788
8270
11700
8226
5867
9349
9737
14511
4573
14643
2304
14488
15715
5760
9898
14472
4862
355
2067
10778
7784
7833
6564
12773
13809
9142
8678
10195
4026
3327
10387
14762
1201
4831
6536
1478
11292
2310
15356
8648
12333
1660
7136
12048
2044
12618
11240
2566
9248
12165
7200
14584
1812
10492
4259
3370
11982
1725
13565
7956
11197
7664
12229
3852
12534
12851
3007
1242
4397
2493
34
10586
5319
7170
14493
12725
63
15739
330
6305
12537
8086
871
5275
12961
4342
8645
15087
13383
10039
3062
7670
4057
9167
12155
8881
13540
6598
2128
12426
6525
2094
8604
3772
10587
8519
15119
10650
8891
6311
10489
10188
11708
4256
10009
8603
8598
1997
6484
5071
9724
12578
7230
1835
2733
2375
4267
10704
6643
8283
1722
13168
9811
9118
6604
6920
3490
2371
14046
743
3307
13413
14541
8401
1669
7066
1004
11493
11213
11624
5789
10679
4557
14559
8613
2182
8538
2736
7478
15181
10453
6416
3267
14120
2809
9871
7833
9317
7500
15735
2430
951
7637
14645
14694
6310
9905
3834
8302
15325
14825
13487
11756
12234
2190
11247
1200
9652
7777
767
15385
3468
10351
3882
4715
14602
11719
3026
4571
4219
6565
8615
2243
1414
8356
937
2381
2866
4138
4933
9685
6509
8564
5441
3017
14718
6439
4217
14922
1338
3450
14307
10317
14610
10425
584
13212
6144
7414
14152
11397
1637
6767
11832
13198
13778
11528
37
8828
14754
4502
15143
1611
4062
9702
14594
10656
9997
11767
9578
12852
10888
7731
8447
12278
3450
12729
7078
2694
10685
5230
14847
6952
14108
13618
102
330
9146
6079
6458
4248
14423
2541
9757
5639
12243
1307
1127
6873
2542
8451
3877
2186
5424
12324
12052
8874
15595
8641
12324
4136
4015
10538
7040
10093
12920
7775
5193
6082
14304
13821
4186
5392
15254
4285
1175
8522
13022
1669
8207
624
15362
12084
2177
4153
13352
4373
12445
2243
2602
15246
6379
15220
15688
13419
9313
13232
566
14609
2706
11235
6286
6892
5843
1521
11177
11332
7001
8011
2615
11062
7387
13742
8470
934
6411
9794
10942
110
5893
2072
10116
9488
8996
5812
13787
950
9188
2146
9415
12626
6911
15915
11878
7212
14394
9155
8688
4077
1166
11584
477
3042
13842
525
2108
5219
10319
13050
5109
5548
5467
9714
580
3529
2242
15000
7277
14675
6710
692
13951
6345
14590
9196
13557
12488
15959
6245
14418
4002
7643
721
960
9801
1879
1148
596
9562
785
998
1139
11318
8716
4041
4991
6474
10959
13081
611
1669
12389
13929
11324
1123
8491
8377
11998
2306
11483
8564
1696
12490
2013
2656
13944
13748
15125
8796
11181
7804
9794
15814
6350
8778
11773
14641
9741
1221
3894
6870
12746
1994
4673
13057
5273
8596
4038
9275
10343
95
7983
13497
11952
5337
15520
4152
7589
6539
3092
2770
11129
13219
6900
14137
5997
13162
12778
9594
14383
1605
13213
10631
13455
1886
7928
8182
6077
6455
9396
1878
6360
14587
15375
11736
11692
5039
6032
4736
13894
7125
11822
6593
4344
3355
4730
11419
517
8597
8664
8756
4058
5877
7981
11369
7853
10398
12065
4074
853
2669
3520
8403
623
4778
9650
11069
6405
15934
9661
8122
7059
6116
11385
10357
12289
14856
10473
1916
12403
3137
696
7655
2870
8677
12592
4873
3075
815
14568
11688
1221
11048
9602
7988
3586
12364
12553
8330
12298
8769
15792
13846
7203
5033
2655
5086
6177
14326
7002
6226
4811
6306
14571
1537
12227
14309
7043
15935
15859
13669
14103
7224
8717
11499
404
5358
15135
2659
13028
8348
14044
6676
646
5247
11709
3301
5983
2519
14622
12487
12293
13289
6181
8211
157
12897
15240
6886
2784
517
9217
4681
12851
10356
69
12447
9570
5210
10999
6598
3702
6573
13274
4348
6837
12144
8600
12820
6375
8394
300
3092
4895
337
1025
4738
2382
15984
10136
4306
5259
7063
15742
7995
2218
5817
11548
7352
1171
6547
8439
4240
5537
47
7028
12374
3425
9484
15338
11960
1090
5182
11053
15142
11788
12116
548
12738
13724
5565
8201
13046
7642
13685
5051
4
9646
9503
14163
10817
7533
5724
10415
11852
3701
11932
6666
7857
10200
9612
5655
14621
5063
10564
1853
4909
15081
1305
1647
12805
726
15590
241
3573
2341
5292
12431
13449
4306
5022
1839
12773
9154
6110
8935
2128
13574
13731
129
2331
11881
618
3710
4816
10579
197
5891
9660
5036
1267
6465
9821
8615
6857
6248
5445
4579
8823
7996
6731
9312
5781
9958
9698
962
12749
7570
2756
15018
14703
6569
10228
928
13141
572
11507
9200
952
593
11869
9541
10128
2048
2156
9415
5656
8015
13361
9311
5530
9370
8767
14161
13817
14436
493
5050
13010
6856
4457
14392
287
5771
296
7917
4657
5067
7427
15465
11526
4442
9006
11798
9126
9965
11036
9614
7492
13675
13324
14038
901
11443
756
898
15593
5881
4157
3216
975
7002
4152
11751
12699
11168
3668
1356
5525
12241
14162
14565
4444
11300
13233
2046
10351
7659
13079
2476
5334
15755
14294
724
14274
566
174
7260
9802
13839
5812
4633
9163
14340
10240
12464
9316
7852
15381
775
14878
14781
276
5566
225
3653
6336
11385
4639
6743
947
3829
12642
375
11063
12121
15308
14868
11139
2966
6563
11471
14161
1967
9811
12712
4575
12489
11140
11338
2352
3738
15353
8772
14172
239
13047
14997
11624
11542
8254
5323
5756
9899
11052
8653
13778
14112
7521
15061
1078
7043
10532
13406
9010
11273
10118
11887
13998
7166
1182
6494
13205
535
350
5233
10152
8363
14086
7616
3812
6973
13707
8088
6930
2856
15435
6848
4744
2575
12053
6823
4468
6585
14085
3622
1456
8203
7735
162
10893
12697
6332
8098
14327
3874
7820
8479
10633
5906
14504
6821
8881
6941
10563
1951
15941
11761
673
10196
14336
4620
3373
9868
8109
11432
9754
6051
12771
7983
15547
1520
5775
12023
5365
4102
8149
3689
6437
13467
3927
1789
502
13297
4519
11698
10798
10604
1315
6508
10816
15651
4984
14701
3375
13508
10133
12523
3559
12494
11460
4645
969
1235
7378
3138
15193
10578
551
9353
13715
10622
13708
3357
13325
8371
13803
13634
13274
3512
8874
8090
13019
13858
10022
15222
5222
15889
11745
6202
2600
5796
7701
12047
5295
5223
15185
10495
789
8490
5624
1112
8276
1772
7756
11112
5966
10057
6870
7308
8058
15744
9254
10539
8158
12340
15272
13697
14038
14455
14649
4562
8659
12494
1341
8443
13899
15090
7804
8401
12744
2188
2567
10596
416
5189
15484
3090
15357
9262
4254
8201
15662
1475
8884
13331
13815
7460
15634
15777
6548
4427
10483
9063
14695
6858
14110
9166
14376
6306
1567
11120
978
14367
6035
11051
9700
9449
14141
5657
5324
2732
2544
10630
11409
4821
2701
7450
6137
8479
2162
2931
2710
8321
621
14211
9026
13489
8872
5350
9306
14839
9635
7672
13206
13456
12579
3199
761
4263
8856
4563
8621
801
15444
1730
138
8289
10280
5999
9337
8118
2443
3569
5950
1822
8325
12924
5455
11053
8418
855
12214
4927
6456
6503
7471
21
6552
6077
4284
15408
14832
1807
10065
9244
9681
9927
1588
3328
559
4691
14026
8028
1212
8076
9850
3393
5008
15305
1170
2777
3961
5533
1768
561
7114
10930
15034
562
1291
10761
8702
7397
12568
12216
14342
10000
2289
2898
15472
7874
7589
14554
15902
12521
8353
15720
7505
3345
5096
191
3350
9057
15580
9865
5998
8466
5079
10584
14240
6370
10271
11095
1027
8192
1121
3459
3568
6062
6357
3040
8677
11526
4486
7225
15638
2983
13016
14617
3777
2112
1574
8489
14303
1787
2354
11315
11507
13577
3573
9114
11669
7283
14019
7185
15091
10332
13582
6813
5366
8142
12227
12689
3384
6857
12335
2738
6409
9175
14261
11574
7063
468
4063
15222
3505
11928
3907
604
6111
1336
14654
12269
5947
12799
2306
11182
7131
4724
4369
12254
12866
6740
435
14993
2652
4100
13885
12699
14931
2837
8273
15850
8513
13136
15072
13454
4936
2781
7702
14192
812
9893
7933
2713
6692
10373
7836
7304
15097
2349
11050
14142
1016
13987
15149
3668
4376
2582
825
3307
4053
13592
3790
11540
6600
12754
8994
10903
714
11781
377
9758
5674
7306
3145
6222
7793
1125
8774
2552
6631
8420
694
7647
6200
9699
10445
5040
14394
9620
8123
10341
2260
3703
4312
11660
9648
14538
5387
11398
10319
10990
14360
9849
2460
10929
14912
15189
14051
3718
2374
4682
5787
2692
6185
5843
8360
11740
803
12898
4024
2782
7239
14236
288
11551
3752
3216
12380
1002
8182
7795
9988
9822
13339
13983
10895
2395
1206
12844
14677
3580
14306
8890
4623
7879
9191
3127
13475
14532
15591
9451
11117
8352
7929
4211
8710
3544
8189
4382
4546
9101
12177
702
9135
8694
14685
1760
9701
12846
11501
1727
590
13195
13307
11967
15563
9751
7160
2578
11219
2287
8494
102
11272
9049
1447
3582
15361
15836
5344
11329
8937
689
11398
13544
10016
15389
10801
5829
2543
15458
4102
13622
8407
776
9589
8844
8975
3082
14683
4194
15205
45
10687
4333
12666
13338
5393
12672
13807
10737
8001
15016
441
6073
3689
5159
9521
7270
10988
13122
8888
14457
5644
481
383
1566
13874
3214
4648
809
8208
11587
4906
6577
6621
14044
14404
2158
11228
12211
12262
12140
2805
11821
3789
10740
8492
11876
2674
8640
1107
70
2375
4537
1184
12614
9513
13166
15788
1279
7831
2109
3383
13075
2542
6618
10825
946
1684
6686
13157
1670
11598
4841
15705
8191
9437
2053
9196
7396
10046
8089
7466
3195
12846
13110
10052
14768
6088
11880
47
14257
9771
2808
1476
6596
2334
6018
5650
3385
668
1996
8141
10930
693
2335
2739
5486
11228
2079
11766
7326
5448
1895
5728
2833
10467
9636
14015
10988
2244
8176
9245
4234
15121
15384
8506
6643
9366
14156
13114
10034
2304
5888
15104
1611
8223
6221
6464
9149
11225
842
15774
11921
12879
258
10718
7637
9378
2589
6847
8866
11046
8542
5224
11593
6842
12718
4950
15408
8667
8797
5374
6363
8541
3586
759
764
4296
13367
14529
13073
14209
1245
478
6841
10843
3787
14478
4221
14802
13775
5844
9848
6317
4924
7889
14842
12131
12206
1366
10818
9553
6481
5017
1012
3923
4258
9608
8219
747
11079
4854
12829
8803
12257
3670
13960
2326
7324
15250
1128
6451
9406
10151
12704
4482
2040
13862
14495
4390
5899
6303
1673
5562
9807
10517
1639
4307
4125
1069
5687
5923
9929
13286
10746
2328
14660
3214
14510
15840
13152
15345
3245
2398
6120
15949
12391
13936
1172
10886
5821
2401
10094
10292
12839
10045
10714
4800
5738
777
12269
15949
2772
13027
3481
13518
15157
11179
11207
1316
4875
1945
8811
8120
10036
6829
6914
8499
8893
1386
12231
10758
11829
11993
10955
14990
1948
5669
9934
12843
4892
3176
6648
2153
6347
12200
15945
7190
7165
4464
966
7801
14718
9777
319
10826
2948
3261
12291
11456
14503
13238
15302
2674
15388
4113
13540
1336
5834
1905
8035
9547
5081
9172
11700
4188
9172
10389
9146
6481
10708
2309
14282
10154
3530
3474
10636
6093
213
8689
7693
14923
9689
14535
11453
6539
6211
3482
10714
377
1577
8823
3780
3504
5795
15480
10540
5111
5724
1394
14513
5328
3703
15769
134
5338
6229
4846
1575
505
13535
6348
9284
9990
8187
10879
9576
8120
2459
8718
13254
11580
105
9474
15084
4205
495
10688
7050
75
7339
7463
5253
11042
13817
4737
15560
8412
109
2015
8917
11828
11667
3559
1838
6251
13805
10346
14131
14510
1628
5267
12437
8372
14108
1665
3039
3757
3896
10089
12318
11235
8137
15079
15483
9662
15514
15290
13542
9261
1305
5864
10527
13133
2305
14833
2376
1644
14690
10389
13499
318
15023
5082
7946
3275
8869
1129
2440
8995
729
8614
3904
6750
3391
6718
15204
2905
7428
12726
3450
21
3170
11495
6968
232
9482
11408
7596
8172
11308
14951
7759
5285
9869
6331
11866
13227
6827
14306
4232
1916
8696
5183
6950
10695
1535
3318
13600
12797
15572
11994
2798
7363
499
4255
8869
125
13297
8583
7952
8605
7449
9567
9464
13580
13092
3742
15647
15879
10564
14368
2037
4276
9185
4913
9581
4896
8261
13875
13923
9322
11737
5039
685
5094
6928
1672
10398
3592
5361
7410
13275
2806
10833
4444
15715
7691
702
9218
2535
5755
8030
11044
1479
1155
15324
2387
9885
7063
5498
4038
12115
9128
6512
6656
10178
2176
13432
4576
8440
7312
3310
9268
11642
1379
10968
11927
11823
15590
2076
6712
15201
15366
4332
14303
11010
9800
13940
1125
9242
13702
15652
15213
12974
6860
9114
9097
5172
12690
14377
14245
5378
4300
1167
15229
9065
12135
2842
10728
2689
11062
14176
13145
4937
13741
7302
9803
2203
494
4688
7039
13208
5036
8731
6067
13576
7989
6596
13237
10937
8219
5338
48
2663
4171
9133
4521
14108
6291
6511
14819
5718
11562
5820
4511
12457
7626
1302
956
7132
9626
6988
9851
921
15897
9928
9489
14236
15092
12252
3299
6873
9086
12749
1301
7113
5882
13076
6995
8954
9435
13687
3236
2127
14011
4869
5670
5004
6171
1115
2280
2689
10127
13341
3610
3880
3413
13006
5644
13111
754
12201
11749
4329
9583
12422
5298
6295
6118
14936
10223
15553
4895
843
2937
9050
11974
3411
11418
10197
13704
9771
2397
7831
7112
9609
3905
5014
471
4405
14241
1858
8429
9990
15573
11868
2432
5725
571
9830
14517
10285
6866
12522
4488
2215
4939
14025
5626
6479
1250
7289
10106
1147
15458
11707
13049
8874
14895
3422
13279
13136
480
10994
2979
9419
874
5411
15777
15064
9930
8150
5077
9208
12261
15411
11423
14822
12036
14567
7657
7841
8722
12252
8988
7547
7959
12181
9051
9064
8126
10372
4072
866
10883
14907
4698
3859
809
11065
6549
14733
6941
3990
5525
13058
6704
5898
14236
12876
8669
382
4717
580
12634
12400
13111
11023
15781
11940
8103
14051
14432
2319
3448
12451
8923
7394
12919
15740
2459
9630
1143
1662
9727
4382
12029
12977
1516
10265
6043
1009
11113
5489
1589
1521
11745
11522
15646
5820
15582
13893
2258
3525
15579
15562
8926
7114
7832
10137
14906
15181
15874
15567
13519
9601
13805
9548
2768
6145
1314
8811
7154
3189
9466
6240
15199
2279
13854
15553
2588
8761
12149
4846
908
3430
11208
8018
2460
3040
7630
1366
10003
7504
8057
3516
8367
9754
13697
5599
3609
9761
9356
3545
9428
2189
8839
8627
6054
5648
12947
12534
7351
798
4380
8259
5244
28
9231
2784
9156
11457
4726
3159
12047
12669
15010
6176
6423
7457
3841
15440
1218
12908
12631
13934
11425
4837
5182
14137
5333
7765
10456
12788
909
780
1615
6153
1441
1472
12823
13859
2054
14067
385
14101
11254
10077
7292
11169
2620
14339
14127
11258
10513
1496
8820
9678
9485
3638
7168
4962
14069
7848
1682
638
8628
15933
15371
11691
2172
3596
8917
6026
5529
170
5345
15581
10247
7909
11588
2749
737
3605
13635
6224
7620
9161
15081
1105
12
3223
4038
14081
4545
5720
7932
13939
276
1159
13119
3312
1804
3436
6278
2139
12010
3993
2353
14237
11451
621
10656
5286
13649
1181
10250
6029
11418
6285
1220
11406
9508
13182
13164
14819
3027
14952
13391
3303
111
272
9
1693
2052
6269
10935
11410
12132
13288
9647
10537
7851
7153
9679
10202
3884
62
10317
8466
6347
10904
8451
10344
14230
11287
6453
11203
3665
6938
8100
13632
1066
1947
9572
8870
8216
1363
4280
10635
8507
7833
98
656
10486
4070
15057
1246
4132
9374
8147
10479
5194
6742
937
7597
8173
8859
9750
10652
9653
1017
13020
5208
930
6592
14078
3635
11373
12625
2856
13134
11158
3386
8279
9339
15316
9222
10585
11184
6296
6740
6216
15531
6146
2319
984
14319
10582
8766
6645
296
15927
11886
4912
4508
2478
12626
15127
13218
221
11839
6228
3604
13691
13949
12529
12374
10871
4200
1914
6678
13029
5554
7147
6883
7110
12307
6803
13924
5073
6302
7484
4367
2188
6252
597
5439
5741
6036
13923
11664
10197
4151
15268
14032
8005
8883
5210
6990
12450
1613
312
15421
8449
12979
14682
5703
9286
5485
13290
13726
14318
5806
7379
3870
1079
1832
1569
10806
4204
3646
6470
4545
6016
4367
13039
11845
11484
12738
2835
7110
1265
11836
12675
15858
6801
10724
10688
8004
15407
8746
5722
7581
14552
4487
4344
3617
7201
15769
4567
2997
13904
5212
14452
8112
12181
5347
12267
6841
13531
424
2298
10676
11412
5623
4549
5878
5101
5
13882
11205
8751
2016
3624
2169
7385
5424
9041
14586
10978
11526
4177
2738
12458
11869
10626
6977
9478
8215
10625
9564
8639
12923
14888
7716
12402
6035
7450
14210
6030
15188
9415
8865
14412
12433
3793
13171
1498
2782
14585
6332
1308
8906
6546
5483
4775
2064
9300
11297
9849
14675
11389
8646
8104
9644
10218
10477
12391
1668
8687
12910
14760
8630
13901
12300
13659
13922
7015
15157
14912
11744
10127
10709
10966
8799
10048
9809
6735
748
4999
9258
3438
9610
9877
11334
6178
4095
3661
702
15364
11170
2004
11348
9944
10247
2137
1796
8080
4878
13361
848
15627
2277
10203
5023
6522
15845
11273
7746
11082
15344
14488
7644
11878
8365
9834
7567
8667
4316
6865
7585
9146
6747
12789
6309
3500
690
8105
14436
4935
15112
5843
11452
9309
15570
475
8298
48
11346
552
4986
10690
13936
6486
3537
790
6508
4030
7877
10824
4721
292
1157
5324
6353
8150
11680
9704
9901
4605
10833
9013
1238
15381
10193
14332
1094
1895
8236
11807
1343
8538
2975
9135
13948
368
9925
14945
6194
11904
5847
4701
10532
2468
5521
12454
4474
648
13250
1241
10363
13583
13739
11601
2652
12454
3413
9890
14349
688
3775
9548
9226
14377
12539
789
1991
14663
1844
2674
2759
1781
2027
12658
4882
13059
204
6260
12411
3598
2604
8842
6015
4865
8903
805
11175
12316
15229
12236
12468
15035
7168
2269
658
3707
12558
12505
5044
11430
15179
13082
6351
7641
15732
5089
11562
472
15462
7973
11546
11922
10725
15387
4973
14178
10048
6202
14978
10819
12178
3537
5762
5010
5806
11248
14697
15392
14110
14230
10822
10925
4996
10615
2566
5264
11107
860
11880
10569
7113
334
15269
12388
7091
4242
710
2957
14040
14901
7632
15254
10780
13497
10244
8886
8745
12819
9494
2617
14589
8528
14175
3585
13913
10597
8849
9020
5946
4743
12027
14833
11591
11296
3066
8826
9934
11840
12013
10250
4597
3748
5004
3673
1245
368
3057
15482
12918
15707
12588
14329
7179
10997
10767
7367
9456
5856
15229
15402
11232
14849
6892
6503
13409
5658
920
7976
4262
4907
13726
10824
4985
12253
1119
12374
12851
12073
13597
9769
3634
5431
2587
324
9044
14324
8957
2500
8468
7430
3225
12620
15481
5499
9250
1439
10603
1526
393
751
289
14119
4041
11937
4278
4945
6581
12938
10874
7016
6687
1096
14415
12486
15228
5371
10810
8185
8382
8789
9734
11607
12169
5747
12252
4053
7186
8761
181
6793
12248
15259
1815
9816
9466
13537
855
47
5545
5981
8398
1775
11115
12957
10711
3480
7777
4584
1809
15395
4205
8075
2356
9098
13189
1008
1832
10519
5847
13603
679
13521
8200
14864
8279
14734
7471
338
9176
2527
4213
15222
752
15961
13293
1607
9663
10546
3167
11472
11151
7372
9058
11965
2359
6247
2643
5617
14850
982
7986
7973
6624
14797
12981
10569
6207
9963
5396
13031
3126
9609
2397
3770
9570
11529
4095
9763
15017
1561
8780
15679
11955
278
3714
260
2947
11868
5357
3963
10886
13118
11303
7962
7823
1188
13020
14030
8775
13200
5188
4207
12409
13209
15563
15148
8176
15021
10615
6208
15034
13251
9729
14483
9171
6015
15376
9776
11997
3875
302
3222
4767
1145
4432
3026
43
8588
10371
1757
10756
4673
15820
2286
1320
5254
12862
10129
9767
7609
12079
11411
15349
7506
3072
6178
7377
12304
5173
12013
4948
4871
381
5901
12160
10803
6056
2261
13880
6571
504
3124
8042
6195
350
12866
11449
3356
2737
1682
11114
4960
2523
11765
2546
15451
11731
4412
9372
904
425
1296
3697
15956
8419
8463
4703
10997
15381
13033
14282
8733
15420
9760
13462
15770
5993
8911
6979
742
5023
4135
6271
14214
6044
2673
14130
13841
8531
7502
8574
8106
9794
4979
8062
4769
8995
13274
717
6386
5903
14999
15119
11467
272
2290
14868
3207
6621
5847
11667
7109
4432
4460
5323
5140
7766
9597
2779
765
14517
11353
8238
2167
11885
300
8113
4880
9170
2460
14494
11032
11315
625
435
11043
12771
1567
7510
9217
1864
2544
6470
6296
14084
3823
14844
12462
11285
9446
3022
3232
4673
10784
15888
8788
11660
1631
12092
5275
4091
5030
307
210
144
9728
10678
12915
7206
13428
13554
9070
11260
8916
10739
14855
5396
6033
4299
5889
9993
8295
8801
15299
3655
943
7529
934
2574
12628
9407
6665
11514
756
944
3958
10484
9734
12554
3278
13550
1000
4697
2923
13427
6324
11932
7969
2885
13777
11936
7741
5439
3135
8576
6522
4711
9367
14304
7285
5995
7711
7177
3618
6955
12377
1896
14018
3361
5342
4464
14705
6975
5911
11782
3404
3381
13858
11373
14871
11002
8307
8870
9031
4300
5850
9409
6605
12483
11738
4831
11999
2117
13464
15617
14583
14913
13721
15435
4448
13890
5029
10257
9085
5309
11550
6345
8690
6208
13898
9819
10938
3267
12545
1907
8049
9305
1991
11451
5155
1887
9380
1154
4004
4084
8701
13029
10829
11164
12464
12525
6562
14076
6782
6113
8767
13284
15768
9779
13981
3810
14087
3101
543
10632
10519
1513
11816
8528
2652
15483
5201
3584
8835
14803
7668
1536
8715
6695
15772
15035
10170
7423
959
2756
14690
2048
10983
3969
12460
2998
7837
4403
9753
8073
6725
766
9440
10909
6322
9212
15080
5379
4228
7701
7209
5752
12309
9780
6303
4168
8815
473
10169
11353
8427
6757
15449
3410
3356
9133
6556
5114
11270
12170
9103
10822
12536
10193
11875
12125
5163
3838
9254
935
10007
10319
4817
9933
13955
4496
7659
14357
10167
1828
5906
2594
1215
9543
4101
3938
2043
13545
14824
3083
11231
7927
8261
7216
2266
9125
6131
2897
11431
9241
9976
5438
4193
4697
1649
12004
5943
9308
2353
110
14336
12447
6768
13754
11501
10891
9816
11928
2857
11152
15011
8374
9223
1761
10630
13101
8636
4999
6142
7061
11125
9354
14377
13076
1565
5537
1072
8108
771
6680
14146
6020
10233
13522
8266
7412
7836
4594
14372
4979
5890
1600
7209
10359
10017
3288
2742
12509
7329
588
3570
9940
5674
10807
2456
8377
15272
4127
10341
5084
2553
3805
14368
8974
1327
6102
15863
6509
4636
1381
5344
5090
6491
2430
167
508
3754
6563
13017
10677
8465
15029
11632
11333
269
1528
11906
6219
9961
1565
1447
3102
5370
3079
11443
12841
3121
1724
11843
7757
9249
9501
8811
2125
15073
494
7761
4681
8559
5889
5363
8448
15284
125
3781
10841
1403
1731
5255
3047
166
12192
6199
11348
10834
7830
1916
7713
15962
6073
15411
8654
15574
1250
14693
1134
13239
6932
15945
9818
8939
10308
12755
13734
10433
15080
2893
12481
12716
12218
6566
2694
15341
5777
3553
5349
2686
14363
13062
2648
4436
8493
3850
1750
9390
2543
9240
12151
11652
6072
15825
4881
14092
9180
8853
3014
7627
11113
6533
10487
5039
6955
12291
5092
1178
2594
10441
13720
957
7480
4759
367
6117
909
7988
3273
3877
14388
9280
15529
5012
12022
5352
3737
10414
9012
8865
3357
10269
7524
1772
308
1137
7064
9583
6103
4470
858
13894
9024
12766
12963
9391
2250
5910
14597
5121
2033
5302
1352
13496
290
2242
13655
13303
2960
6667
11562
9932
14680
11962
10056
628
11319
1120
355
8683
4515
14864
10789
11491
1774
14008
4044
5448
8098
10958
960
5432
15356
392
6544
8922
4294
8889
6858
7254
3922
10848
3466
4614
4397
12889
1525
15900
11463
1880
2439
9834
6888
7084
5325
7587
9076
1914
2581
14389
15188
7765
10349
15832
7459
12195
6910
3165
15573
9804
9600
11651
411
13066
898
4808
15517
15373
4948
10147
2507
8020
313
710
512
15501
7319
6803
11271
15572
4280
12083
8440
9931
12251
5861
15634
803
7793
6205
12510
1807
9921
12921
5017
833
1729
4989
206
12691
5158
7555
10905
4001
8265
928
12114
10802
7731
15157
4609
6405
11240
12169
5424
1347
2030
4414
11033
381
14842
14523
13428
11079
14398
13100
390
9345
8111
15816
9580
12203
1227
3852
15412
11635
10924
10893
833
8799
11736
4030
2394
9993
7861
1654
11340
15680
9548
15387
15555
10706
864
8144
11929
15262
11388
12319
12061
3499
13353
5008
7296
9069
612
6708
13434
5688
7745
9543
3111
2848
11120
3967
14999
12837
9995
6197
7013
9687
8557
1057
5712
6195
8913
3639
14578
8619
14191
10639
3498
838
9825
6058
2087
5179
6794
9377
5635
13906
15533
726
7282
5443
10923
6281
13336
4554
84
5690
10644
6975
5223
11068
1813
7992
909
15225
627
15100
1558
3273
10167
8900
13215
3362
13193
4009
9352
8191
13701
15029
8917
275
9586
7517
6006
2550
9107
5457
6716
3751
4626
11939
1173
6439
11685
15103
13358
13160
11269
4427
9887
10180
11527
12672
12563
1666
12848
13067
3713
5291
1962
7119
11617
1692
6542
10389
5286
15649
9626
13937
8911
5633
7858
7738
6950
9338
12985
9819
12178
14917
1370
8198
4737
301
14726
4460
11221
14122
7393
9423
2780
9355
542
13307
14425
3856
1776
6228
11793
3581
10309
4768
11908
8595
13663
1186
7539
678
14467
5850
15595
15837
14048
14821
9392
12774
5639
15102
6859
2543
8525
15783
3718
12693
2526
12632
8837
11314
15740
10774
10577
193
5373
341
6828
2146
9644
616
12680
8111
910
6764
13179
13138
10031
12213
3768
9802
11315
12909
8741
1920
2874
10534
14613
6492
11954
7450
8299
3786
7881
12740
11637
2508
14090
3295
14510
7734
5561
11190
15771
4651
13662
2666
11645
1779
6248
46
3402
1077
8805
2287
2364
4570
12821
977
14078
8605
1678
15383
4819
9559
4126
5304
12067
12072
14110
5039
11810
8549
15993
13891
9409
13022
14426
3908
4757
10942
12138
4789
9865
13822
9173
1357
2392
9792
14987
5290
15446
3453
11576
14121
6106
9558
9450
12029
130
10804
15154
11940
9497
15147
1951
12710
12169
2619
3291
12923
2179
6331
13904
9083
8509
7077
7726
3739
7774
6713
7062
7220
5450
1630
10275
5412
1784
6969
14175
1654
1773
13329
10286
14835
1987
14479
10215
11316
6609
9076
1607
4430
12622
12930
3657
5131
1753
4866
6903
9979
8009
1651
8903
7668
21
6927
2256
13811
15958
5942
2301
7326
6201
12885
7509
4214
14406
2706
163
14347
15141
8412
8288
3853
15198
3671
7422
8066
7079
14325
7427
4581
13182
843
3367
13203
6084
10967
6752
15898
10975
6563
2428
11859
12168
3793
9929
3273
11576
11668
1620
3565
2623
15564
10144
9569
11748
2722
13981
6645
1114
9575
13936
3932
5198
10569
12240
10478
1031
2992
5420
88
14060
2337
11771
4252
9486
189
7525
13910
11479
14656
1475
11370
908
7331
2434
984
10120
415
9706
11234
15304
7642
10306
15750
1578
14066
10728
6691
10437
10819
8837
2521
7518
15097
6773
1968
330
3809
15245
13663
13151
8752
5950
7915
13946
9660
8436
1406
611
13474
9828
1940
5832
478
1690
1890
9033
1451
7035
14596
9368
5255
5931
8006
12302
842
9962
2984
10965
265
5113
13644
9650
14409
5096
5560
11251
11940
8650
5993
6202
6994
1789
6514
14288
13335
7845
10745
830
8736
3197
15274
2663
9128
1136
14965
2775
7807
13875
1876
13688
6605
729
10182
7804
10511
5234
13186
1429
9560
13035
10917
2566
8680
14185
6365
9601
9586
11620
15674
6361
13934
8804
9024
5050
5043
7356
7825
3380
9481
15562
1068
9386
11023
14855
13793
15488
11527
6751
4203
11162
9716
496
13548
7180
935
11703
14835
15584
10572
8365
9223
3362
13814
5945
4456
2857
12171
2142
6237
2821
1704
8311
6565
6681
14594
13372
12313
6128
11493
15100
1290
11633
20
3742
11547
7099
5682
13777
7515
11110
9474
4436
11000
7288
5868
9456
5471
3721
11598
6910
9074
3446
4110
15344
10127
2704
12756
3032
12576
6734
13484
1430
11101
11968
3199
3457
10498
8881
14382
7459
5481
1616
3656
481
10961
12236
881
10288
15659
15772
13867
12394
3674
9757
13734
12304
8947
10490
15336
4582
3756
3659
3152
12856
2165
9809
457
14477
5216
4069
9615
15735
13547
13271
10602
8508
10891
12116
2331
10550
11888
4464
1844
2070
10707
11890
8230
5818
869
13561
5216
10991
14396
8425
1625
10417
2234
2082
12573
13651
1987
9428
8228
12193
13699
12993
14557
2446
15123
9918
12996
10749
11090
5641
14823
10239
11387
10040
690
9504
9665
10670
11754
14587
8389
7235
6612
4334
9950
5961
11841
1819
9611
3613
7868
2056
9380
8558
15610
15599
8620
7875
1294
12897
7372
5628
13342
12615
1732
7888
12256
11397
7707
15498
12810
15318
6733
9566
3652
5077
9116
123
2625
12889
13595
5243
11466
14071
9459
4144
8159
8026
12269
721
11129
11103
4907
2327
8351
2833
10848
12095
14708
13061
5449
1662
3887
6038
5021
10254
4550
4095
5869
7175
8794
14418
8076
14116
286
8570
10605
7171
596
8192
12594
5581
13784
14748
7908
6135
4179
3004
12086
13362
9407
11391
11700
9847
14187
721
15593
2737
6482
4010
15560
15707
6225
14027
8265
15249
5457
12726
3052
11005
5551
6458
10576
12281
554
2484
12290
11516
113
9652
12882
9520
10573
1182
9529
14904
10028
12208
7536
15106
8435
14120
10659
7100
12147
3557
6349
7868
283
9441
12863
15926
13017
7439
13265
13096
11204
975
2468
1235
4483
5586
13859
3766
14260
3697
649
8288
6049
8185
6185
2386
12449
11526
10858
7653
14113
8265
9377
2803
14824
6873
12733
3142
8168
10631
12190
3036
11606
15866
5201
5038
5720
8025
14728
3980
1866
8065
6757
7701
9222
572
4576
2594
14902
9718
5059
4722
13000
8292
7937
1824
15165
4670
7462
13794
315
11964
8642
10220
12098
1140
15258
11674
9165
6674
5473
14441
1510
14716
9474
4884
11712
11102
7478
4470
5453
8563
15748
8453
15638
7685
11867
9383
2628
2696
4411
12673
12876
4864
13547
9711
2420
2949
5385
1729
482
6232
12712
13624
11092
12762
8652
5524
7171
9975
421
14282
4732
6817
591
5102
1501
4724
15118
7271
4116
4563
742
359
3283
3800
6648
863
8867
8593
866
6267
13006
5702
10035
14242
6427
7418
3133
13598
1393
5918
10540
3339
15101
11131
13604
5158
9711
11370
3187
6228
9789
3078
10131
1911
722
8693
7192
13999
1286
13569
3633
4280
7867
11804
527
4438
3222
2606
7436
4615
3312
13640
4235
12269
8653
7983
7744
11547
13243
10931
11631
7032
14009
11356
14977
7143
4049
8418
6223
10281
11295
0
4488
9306
10340
5015
2505
6485
2409
5675
7986
15577
6790
13607
3770
7993
10376
12026
3540
3277
9394
6589
4388
1259
11233
12251
9035
8816
5639
12668
6976
10344
9476
13512
4473
3816
2527
14032
10301
14792
2213
7826
8225
9003
10219
14311
4131
10106
13082
6735
13383
9832
2925
15139
7427
8308
14715
10318
5003
11262
8630
11979
9571
2106
4611
5098
4183
13916
12986
6118
9052
417
4088
6971
12925
1942
8660
14560
7836
5742
7825
11691
42
4606
10197
1958
12931
14374
3340
1784
3112
4279
10195
6539
3971
14806
5493
15788
7034
3281
11417
9386
12551
111
2415
6518
3707
9755
1898
2015
1498
12037
2543
8400
6798
2202
10358
15989
576
8349
1773
13544
5786
1434
14572
4329
12100
11551
3484
5066
1417
5045
8308
7824
4934
10723
1306
8008
14334
2556
5593
6692
1023
13624
15725
10225
11422
3939
10214
990
5446
9773
13187
10528
8339
3857
1392
3761
10064
7764
2683
5337
13281
4847
13161
8359
6190
7293
9105
7223
5767
15331
9325
7423
4437
2906
11504
5370
8138
15409
6360
8836
6434
15317
12885
7416
6298
7483
9799
995
281
12627
188
3144
7780
7778
4113
2279
15071
13851
4912
14815
8578
8093
13536
13015
11632
13968
7087
2650
7585
4784
11486
518
4101
11255
14078
2830
12228
7739
13681
11947
4888
1747
15091
3581
9525
5655
15900
1509
13362
1132
2694
4784
6961
986
14375
2593
12982
9345
15943
15886
4561
14946
15368
5684
10201
14710
2854
14606
6971
4683
2659
14246
3569
1943
3933
12100
13568
5639
5409
10930
4507
8103
6046
11468
973
11195
7066
8444
14396
13267
7286
12813
1679
7918
7762
12513
2844
1236
10641
10271
13936
7982
12025
1505
69
9514
5405
2501
463
4169
8429
11956
2210
13617
5999
15396
8067
12407
7776
319
15140
554
1851
11308
13508
233
1677
10664
8003
7036
11079
9677
7090
12615
14316
6526
12899
1578
9027
2931
8735
35
10585
10945
3726
14442
1693
14197
10849
3
15149
4478
5203
2702
9642
6761
9079
4297
5953
7220
13261
4493
264
4351
14508
10892
1021
10353
3146
6201
2332
3735
92
8210
3279
6222
9768
4558
5052
11570
5934
11415
9904
5413
11355
12070
14019
13724
6511
1790
11088
3772
2703
14120
14267
5661
5971
961
4059
355
1018
8129
10893
14506
6225
13758
8284
15360
2316
3232
9934
3618
10825
9826
7306
9436
13756
5325
13304
14899
3535
7857
2671
11749
9639
8534
3768
9862
3351
291
4766
11247
2327
15957
15719
3898
12055
1924
6214
6261
1308
6136
7846
4006
15962
540
5430
7574
10929
2101
8675
14464
388
140
357
171
13117
11956
5676
6234
2391
10442
10524
64
629
5195
9473
4574
7119
6597
979
300
13366
15277
4306
7184
4881
8732
225
15810
15513
2306
3785
15901
3345
11474
10033
462
6626
4357
372
8384
12229
10896
1024
3002
4788
8449
1896
9853
1219
10773
15697
6003
12129
4609
2429
7248
7786
6818
7929
8317
3613
11714
2905
268
6384
12938
6338
12377
14321
12854
10855
694
7117
9881
11920
8473
1697
7944
2326
9060
13171
14226
9201
14958
2925
3986
6839
4905
10323
8766
13855
3146
9092
14856
3414
9996
14082
6932
13619
6383
5922
13286
2395
3183
9082
8171
11656
1241
15773
12123
13963
12944
4205
8452
3497
4864
9322
13198
674
5827
15820
7231
8973
6728
3385
9373
724
11323
2441
6784
1204
7730
5402
14809
14559
7276
9362
2608
6035
3445
6485
5474
357
7576
13926
12860
2712
907
3914
13242
4920
11882
9989
8382
11298
6604
991
85
1425
12817
6869
12987
1057
1467
14178
13502
7506
14220
5106
4673
919
13881
14566
71
10159
9216
6787
12958
2165
11334
15716
1574
6692
9072
5660
14259
9796
8965
14174
9004
15978
1161
15769
1035
6450
7102
9044
10912
5322
4294
728
5608
4076
2162
11681
6083
5234
4894
12575
8032
9560
7348
6010
15619
1724
3946
8496
14072
8849
8946
4788
7422
13929
10348
6387
11237
1450
7199
8834
2700
12462
8106
9052
8386
12088
10883
11003
12998
6622
13549
4890
9082
6201
7264
8701
1547
6538
9651
3475
1678
5439
2752
5744
12248
7596
5987
7498
9046
7675
9140
12490
5069
5110
10707
9461
8274
10026
1542
5132
3404
2151
4961
1997
1120
12225
10698
12949
5054
6558
14985
2740
3619
3767
2340
500
9973
7289
13142
6453
10242
5854
6037
15311
5400
4670
5850
12730
5133
1881
13754
11585
15730
12901
6412
14133
4835
8995
14390
15583
2437
6739
12179
6056
9116
1097
412
9233
8386
3270
13220
13511
2980
7816
11656
13580
6342
2139
10310
10285
11596
8955
14067
4134
2198
4479
143
13177
4516
7264
13594
6953
4147
14585
7498
2774
13488
7706
3609
409
6053
11318
11552
9033
12990
8408
14514
12284
12413
10348
5936
8009
3303
5469
9386
11012
990
15943
7427
15995
2535
4322
804
7123
12709
8302
5719
4732
4915
12432
4331
1138
14886
5877
4027
3740
11187
5513
15391
593
5654
4145
8602
3793
12146
7484
14805
11156
7556
6745
11161
11165
13577
15868
13328
5276
7566
12569
15464
12481
8368
13651
1487
9482
7774
3173
12589
3594
2542
13492
12857
7420
11493
1889
5036
653
6228
6231
13663
7472
9342
3009
12979
775
12739
10820
3868
5173
7389
10548
12819
9715
3736
14306
5278
11510
14723
7605
6656
13718
14953
57
4334
5170
14801
3226
3649
14885
5526
14304
14731
13288
14303
8104
920
10718
2716
4684
4912
0
5864
7875
3571
13872
12325
14293
11745
3113
15862
7071
8641
909
7855
12975
12223
15198
14782
7426
6457
5164
12389
5188
13164
11770
13084
11388
14315
10305
72
6245
5311
10841
14370
1740
13047
4099
8958
6824
8404
6796
7232
1045
6520
529
7107
10297
4813
9727
12212
11270
6869
177
9014
11583
4407
4070
7604
6750
6235
7940
2621
5220
12757
10395
9289
15657
1755
10187
14977
11601
14633
6209
6077
1743
11824
1030
6529
637
13447
2741
13565
11300
13436
6579
14877
7987
3002
13417
604
12767
10868
9369
8118
14111
12485
14209
13768
7520
10166
13360
12495
14943
8849
12428
12567
4040
5254
6038
4795
7807
9441
2993
2653
13021
3428
14719
10608
15574
1302
3860
13764
15710
11020
9734
13188
11321
1529
14516
12199
7363
3740
10152
7580
3660
14547
11469
9476
9293
713
14271
6997
10154
11120
15822
8441
15181
8397
2078
15607
4188
4362
7227
4478
234
13493
8710
11555
15022
295
9212
6385
3445
1763
562
10071
15306
4763
3547
15869
1461
12307
13272
4001
1283
3183
8685
15152
4036
14709
5056
152
5653
2171
5263
5070
297
6409
5135
6441
6704
11290
577
2252
12419
9871
8181
3891
7510
5855
4022
8971
2162
6805
5519
12171
12378
3166
14782
13802
10601
3582
3161
6398
15609
11958
1328
15710
2367
3642
5518
12056
13792
11085
14308
14627
1214
6489
10736
8724
6778
570
8410
10760
6235
1687
6298
15999
4619
2340
13170
10018
5922
6475
12380
229
10517
12397
15306
1706
15577
4648
5650
13369
12581
8658
14742
11677
4658
11994
2953
4180
6420
4253
10053
818
9676
2389
10673
8151
15951
8641
2169
15729
15116
6422
500
9633
12797
5950
8706
13098
7446
8212
271
11589
15813
603
14494
4471
6453
10908
291
6729
5305
12382
7547
1140
14771
12709
8989
4964
4068
9813
4621
10415
10091
4754
10192
8850
7340
1486
11752
11319
8641
13449
764
14598
7708
2903
12547
14745
1851
9888
5474
3454
11781
8106
4878
10552
4603
3478
733
8671
191
10262
8112
4138
11652
1447
10856
7113
6539
12752
2432
8246
697
12420
8772
7011
15661
15175
14410
2190
5920
920
631
12005
13330
1897
9059
1129
5375
11968
4289
11328
3875
3215
13334
8223
4662
8190
9192
12366
4942
11624
4120
10389
9693
13525
14216
5968
2916
6338
3145
12860
11215
5696
855
13885
3799
11213
15647
7087
8435
11680
7057
3306
10577
10356
594
404
12022
8598
12770
14431
4855
890
6796
8404
1201
9971
12292
9628
15307
9147
12768
11238
8699
1424
12720
2485
2979
3217
15716
4202
10575
7341
6875
5152
11553
7469
15412
13552
5015
3434
3633
15840
1911
5187
2100
6360
10314
591
3268
5362
13588
15403
8872
11744
14789
3848
12885
13848
2407
12871
8194
6838
14068
547
6479
10254
13066
9725
9442
14168
3090
10191
7864
4965
10996
5019
1395
49
3862
14760
11555
9726
6787
2683
13982
1858
3574
14605
13866
15837
4140
10328
7308
5439
15292
1829
14671
2502
11554
5229
11666
14608
15420
14019
3573
14280
2856
8311
8087
6718
927
3468
9152
5860
3954
6501
5854
1384
1960
3720
14395
1547
12752
13231
2486
12044
15060
14459
1703
15491
9230
7225
15117
46
10372
8201
1290
7516
15890
14714
6942
14963
7290
15461
10967
4372
12106
5113
9132
10146
7537
2578
13779
4289
5347
5495
15916
15224
3954
11475
15733
12288
12916
10622
6190
12799
13579
611
11301
3613
15325
14848
6896
8035
15387
10215
13698
2863
5472
4566
12463
2607
1000
4741
7193
6980
5380
2579
7756
4085
1562
14121
2059
10994
12501
6734
1805
6589
7345
3985
5414
8946
2833
8817
5233
12076
3032
8465
6787
7745
7520
5676
4208
8520
5209
6871
6260
10660
9450
4648
6575
14256
12847
2490
13371
3837
4244
10578
13248
4027
6593
3098
6829
6096
3701
2229
13444
4842
4550
5241
3241
12070
10210
10823
537
197
13289
2675
10903
12161
1340
10472
7606
5363
7349
10235
12560
11593
4813
15312
2923
917
7695
5864
10821
10364
9779
1840
15206
11404
14679
7025
1330
6727
13135
5351
14203
15048
13957
6510
5065
9527
3329
13459
5692
822
13080
6235
12415
13244
10069
15636
1455
3996
10749
490
1889
970
12186
3461
6230
14140
4197
8193
10749
918
2842
6664
9822
5345
7663
729
14872
4334
2637
8547
12488
11701
14782
569
8945
10857
1566
2366
14220
6171
3489
2475
997
15941
5936
7860
1801
8117
5707
13555
2891
9009
11397
2903
13721
9878
2999
12879
5544
3836
4332
8176
8135
594
2882
6321
14654
14304
3955
5710
11141
15534
8185
288
5918
4265
1428
13863
11515
4279
15692
7376
12655
1216
1038
904
4522
11579
11975
9467
6345
10796
11147
1790
4058
7885
11469
12904
9427
13997
2614
4904
11393
10799
5249
10525
1185
6677
13899
15526
12887
4351
758
5912
3905
15720
6816
12700
10461
985
6623
14810
9811
11626
11089
1114
4144
414
11454
11427
2417
6527
10110
14443
8146
9215
13774
12429
15724
6269
12903
8981
131
4488
14893
3774
14064
9907
15070
11764
3411
8447
12902
8538
3812
7625
15820
13804
3278
3709
6385
15551
15236
10351
7766
8234
3566
497
11586
1669
10228
7461
10650
5903
9117
6706
7640
5580
5147
6710
3672
8120
4668
15042
15785
856
9582
35
956
8900
3674
14419
9349
11562
12565
482
2183
15485
15
3259
8318
4099
4202
14301
14829
12686
753
14955
2750
3572
11809
9194
12325
15139
7380
12540
14283
10818
12575
9095
4226
3390
11309
12942
8808
7874
3568
9375
13755
3553
6116
11196
15454
15829
3353
6769
2659
13400
11868
91
6172
8572
15247
3263
7905
7867
9277
8989
2560
341
9962
6786
13587
5271
9872
6395
7001
2176
7509
6121
8479
1393
5075
6342
1564
8428
3255
1095
4884
1126
7148
10704
9698
6395
2282
4351
11843
5415
13340
3139
4
2745
9791
2417
3618
3030
14467
4016
6998
9640
2105
13886
14391
3174
4228
2338
15110
1989
3433
11622
2645
92
3146
8947
2985
15284
12665
14828
10284
149
11823
15184
6578
2665
7256
3593
6509
9893
1465
13507
5939
6784
4223
7548
9958
9851
5210
15008
3143
3734
12614
9828
9970
15612
11370
9015
15695
7439
2332
123
8028
1461
939
6521
4940
6317
9072
11449
9720
7607
7293
9925
14391
10244
1744
14493
15760
2678
15485
12713
12556
13373
397
9090
2239
11767
12594
1934
14184
690
13559
14915
8295
8891
10180
12602
2574
14892
1421
13811
12643
8714
3886
14438
7041
4002
55
6801
3425
76
15768
9131
13449
15451
10448
10934
6805
898
3381
4989
208
4820
6074
14231
13711
254
14639
9820
11218
693
14129
7569
12353
387
6869
3394
3756
9186
5421
331
6890
10427
15606
14195
227
11302
3894
7032
5596
14485
3595
15956
6167
12888
2062
13055
13222
14915
6621
2929
1778
8492
11360
86
7895
12754
12136
13821
9676
3570
7346
4561
1619
7627
12510
11702
2929
1240
2734
2844
2755
228
2800
9555
3260
15262
6356
6038
15020
12977
12891
12614
5469
2740
3472
7430
10014
3153
9732
9518
417
2386
1187
11058
157
13064
7393
13163
4176
5489
4175
1420
11861
14625
4641
10351
14730
4429
14802
3894
8548
5549
13424
1599
7327
15353
10169
1341
13110
5571
7190
13527
3818
8377
2469
2483
4031
14780
11464
8840
9924
8711
10260
8081
5281
15475
2903
4011
4954
1705
1567
3594
7254
4143
4149
15440
13352
11154
8691
242
4402
1501
3429
6728
12387
11409
9211
1500
12629
4042
10340
8849
11331
1160
6441
612
7829
3538
10767
2927
7977
9200
5477
15277
10568
15846
9693
2784
3983
12599
2101
1087
1242
3942
10359
11843
8533
14852
13976
9607
12722
13444
8600
11880
13971
15041
4732
3672
13037
10606
4766
5060
1406
5373
790
6838
5852
7097
4111
4275
5776
13990
12812
10833
5952
1027
1010
8974
13825
6774
9223
9386
3585
623
5266
7916
13785
5610
5444
6892
4996
15322
8657
891
6684
14277
1585
6392
4098
9920
4027
5109
1562
13359
6086
7469
3668
10924
11361
10157
1361
4584
9085
10670
10409
14351
3174
1278
3230
13730
4875
8226
12419
7388
2973
5735
9111
5191
10513
13209
10873
6486
1956
7322
13017
4130
15853
9349
14717
11214
9650
78
15818
68
4448
15245
8275
14726
1156
5361
3160
15887
1396
6741
8341
14423
5138
15230
15376
5375
8165
9616
5717
10424
13706
7300
9706
7415
6793
8423
12485
5954
971
12667
5886
5419
5768
3755
9307
14836
2239
10486
14949
5301
14389
7290
5748
12722
9096
7005
11953
1564
13389
12159
5844
4951
14715
12138
12366
2411
1796
6765
3543
825
15758
43
5227
5526
12288
5776
7323
8383
15354
8374
3082
2506
4427
3319
9084
11331
5292
723
15911
14047
5292
10067
6904
4640
3440
12346
7051
4236
6361
3508
3411
6119
3551
13122
10115
5921
6713
13208
12951
3405
71
33
15767
4356
2408
6765
9785
7916
12999
11637
3725
7707
11848
10629
9211
10184
7861
13840
1196
14500
11204
12704
1141
7005
418
10623
13179
13275
3559
5486
9237
9632
11597
6530
11484
2244
5746
15758
5456
6727
13977
14902
15020
2129
12229
15702
2670
9601
7994
5606
1245
11785
13306
1753
6682
12381
13096
11755
894
12607
1241
275
3866
3411
15256
15350
9961
4470
6652
5561
4419
8675
12803
11543
12057
1073
11245
10745
8528
8762
15265
9773
10691
3678
2054
11991
9915
11042
15131
2877
7076
9100
12765
3210
9249
13451
10004
6262
13695
15593
14666
8258
774
14003
5671
4717
540
4915
154
6548
12153
4930
8736
14538
7396
10790
8691
2519
5259
13966
5396
13137
11767
2487
6073
3626
9794
6221
12731
5955
12772
1541
2303
4635
12462
13857
12408
3445
2772
3687
12959
6835
7387
1921
4099
14783
13394
4592
12264
1991
1925
2988
15128
3314
6108
2911
15688
5858
3310
13043
730
15449
14584
7717
958
1489
6140
2250
4538
12848
15823
11353
11933
7210
12079
9888
3479
1315
5929
7215
12310
11996
4692
3326
7318
10960
415
7006
818
5747
4452
88
15846
10132
8444
6948
13851
8440
4065
3371
3775
10032
13529
13986
15007
9608
12535
13130
1563
12320
11426
891
324
9266
4217
1498
1694
4840
13256
13104
11173
8804
8495
5230
8447
15949
1718
15260
7227
11927
9622
1146
5326
13295
14499
12463
13047
8108
15737
11484
4212
4453
12375
1224
7575
8880
15726
15737
8040
3126
8286
12403
14175
781
13983
5728
6976
5212
14844
14203
14477
5222
10756
6849
14217
9887
9456
11264
1995
7056
6748
12073
4107
6349
5151
2043
6531
11021
13694
1045
1469
10592
14081
15972
4243
6046
388
13267
4358
8945
6447
12148
8023
14165
9141
10439
4278
1964
825
13717
10908
8676
8212
5159
6735
12939
8414
2983
7656
15019
13884
12635
6005
11965
13498
10879
6552
9034
3756
10850
89
347
6998
8567
2182
9966
3006
13904
7998
3963
1765
9050
14569
9553
1407
7533
6492
11306
5306
4980
5291
3190
8490
10464
5972
5988
4129
5564
6810
14994
414
7354
275
2693
9777
8582
12659
12783
5322
14517
8820
9162
5467
8022
15609
730
10345
12394
5424
9507
7518
4571
12697
15028
5260
581
816
7275
11017
7357
6269
10908
6147
4495
8215
12370
13077
4444
10269
1611
2961
12945
10773
8428
10649
10745
6458
6448
2333
6545
12941
5185
14026
10245
9724
13378
4790
948
4020
15284
12553
433
5424
12916
2082
13209
546
10995
11509
10815
13239
1146
8393
13748
1138
8400
7123
11464
11257
3312
2009
14316
14760
9494
7055
5036
2600
14260
15840
8436
1024
12080
13508
1744
836
15590
11465
11871
10106
6974
542
3011
15684
2791
14857
10678
11120
469
15214
137
11835
8306
14453
12781
7672
1887
11673
5344
147
3470
2419
8979
66
15689
7235
902
15901
12556
12773
5609
13386
7804
2598
6926
10595
11944
14012
15475
12413
10674
15612
10434
12224
7062
7848
3896
5175
12095
6959
4828
51
6238
7663
117
15833
8754
4108
15734
15166
2521
364
3064
10325
12818
2282
10063
8762
15322
732
585
11764
15513
5518
14907
2307
3814
4989
9012
15909
8114
10328
15225
14124
13335
10748
8147
15945
15504
6954
15111
12350
12734
10097
7831
15916
12379
8376
12665
13057
8475
13250
8821
894
6704
1744
3201
2890
7366
10189
2530
15252
15861
13861
7751
7052
13151
5748
6997
3594
2914
15964
1100
36
5867
8931
15247
6512
1188
11912
5903
8713
310
9062
9607
14113
9315
8952
11223
5079
14763
1863
10173
5046
6036
11894
4138
6918
15365
13141
5104
3549
12679
4004
4218
2546
14783
14827
10110
15971
12771
11793
13076
8679
2731
3469
8824
12046
13051
1766
6967
8144
9953
11629
12902
1594
14237
1040
10676
13602
11291
9692
15564
7646
15544
14510
11244
14327
7193
5354
685
3964
9561
1855
11285
12341
7125
14598
9561
15782
3168
11017
8559
15359
502
11657
8519
13735
10894
13843
14768
10253
8081
9060
12760
14681
1426
1468
279
8619
3253
6550
3033
12814
10839
13892
9155
8108
15294
5105
8307
8606
5912
866
2140
6414
9237
10659
2535
5341
6481
14313
15389
10910
11397
13323
12862
9971
14791
6997
14648
11538
447
5471
9213
536
13932
6086
7605
13226
4425
15912
4273
10337
4982
6413
14865
14219
4688
4303
7755
14303
154
7634
5770
1062
455
948
11033
14336
13815
1896
10507
13368
3575
11896
11568
15499
13634
12443
13094
3068
2675
1035
8731
7657
1304
13107
4229
12616
7196
5840
4064
15102
7938
15978
164
7223
15030
14908
5559
2771
13012
5694
741
10443
7882
10827
10575
15611
7127
7337
12937
15946
8372
1938
2502
5940
15045
8885
532
13993
12955
3532
12462
1127
9654
12846
6096
788
3862
10105
2201
9150
10306
6530
4226
13428
3770
815
12433
4719
6522
3226
4773
6866
1921
8341
12666
3268
8246
2418
628
15057
4155
12382
13930
5499
9228
13882
11922
5999
11590
12423
9005
8572
10740
2385
11000
6970
6272
13934
11689
8966
15148
5298
15784
1069
12466
6306
14434
1048
11479
8338
14642
2532
11956
12572
13033
13272
10673
2811
13127
3209
7021
6765
11781
13855
1764
781
13029
5141
3297
14660
9969
12484
12782
15696
13553
6460
6610
5843
6875
4987
8639
8233
7519
4595
1805
15041
12834
3138
13764
15707
15413
3113
7058
3632
886
15783
2218
1701
836
5515
10217
10805
9031
8076
14971
15011
14536
9402
14710
10205
4415
6704
11828
2407
4035
4512
12634
14747
1506
8726
15673
2726
12472
15029
15094
10558
10610
9268
7776
6226
14150
11849
15218
13325
3773
1427
4458
5870
14643
4741
5685
4717
5301
15368
13690
1266
10856
14944
14970
6650
1526
10559
3232
13998
10614
2959
4073
15371
9691
5705
5597
5397
1554
12523
13439
15800
3461
13719
74
5038
12316
5759
9755
13999
4345
10079
3900
9489
14721
1214
10628
880
12799
1756
6882
7413
11059
2809
2688
15239
3248
8420
4636
8795
4943
8803
7005
1068
15405
7079
6739
3895
2982
10350
1261
14004
904
3505
5341
15991
4753
9825
15111
7954
2558
5360
5603
13617
1303
2282
2760
14688
10702
3635
1339
5789
2582
10334
10232
3177
3255
12507
3033
5871
8759
11628
10019
2001
7877
4045
13357
12876
15636
12468
14686
2194
7644
6917
10300
9580
15343
14604
2124
10045
2239
12153
10271
11428
7963
39
2107
10852
6402
10476
14893
8501
14848
10493
10133
2747
4682
3224
9479
5046
9780
7451
8363
11913
13735
1937
267
2538
13189
1857
2982
4417
440
7109
867
1069
1004
2974
9783
7406
13013
5110
8761
13611
4473
2894
14625
209
6474
10854
4850
13795
11964
12487
9708
15773
8280
9441
13305
10147
5154
467
4708
1430
9358
3841
15639
8354
6378
5856
8908
9535
4822
13314
4076
11832
564
693
13431
6405
5206
13335
14754
8302
6992
5046
7541
11144
1749
4626
4514
3405
4792
6394
14025
4566
13042
1614
12287
9336
1326
12621
2871
4
6837
4939
11828
8848
10617
2236
3701
10589
1243
13161
7569
8014
1971
15972
12458
222
14510
14644
13483
3302
89
15458
15369
3047
10928
3062
2527
6110
12585
4074
9502
2789
865
10919
85
9752
8605
3786
9019
5768
12769
588
1834
10798
10472
11813
15280
9615
4313
12763
6773
4224
6077
15998
4967
14611
12936
7494
14645
5160
3420
7469
1523
3652
3372
1438
44
3639
8492
12536
5576
11405
2092
2062
6203
6987
13875
2549
12484
2939
304
3257
4859
5773
11728
6423
14982
4936
7215
13627
240
10002
12302
14717
11818
15041
12577
5630
4598
2059
6906
7122
2152
8365
4427
10195
5496
3304
8354
9012
15635
8050
4101
11755
7679
13771
3582
8697
7398
14675
4930
8842
14529
599
6926
10347
9832
493
5150
8286
1919
3560
1797
233
11195
13370
6671
445
674
591
15
14328
14052
10867
8717
6373
834
13173
3187
2088
3768
1355
9879
4606
5388
3191
15597
4444
3684
5553
2253
5603
8496
15544
4737
13547
9230
11790
2265
7444
10945
13750
13028
6619
3261
3727
10735
7938
4860
14596
10150
7621
2759
4029
12871
14004
10694
6324
12304
7643
11260
10051
4104
3756
3451
8841
11159
10221
3195
7106
12154
13507
1133
7018
13032
8272
2658
8441
15406
8098
7037
5427
6041
3645
8458
15314
11785
13641
7643
10375
10332
2903
14915
1180
515
2366
2828
3942
7076
15633
15057
13086
13874
15426
6068
15199
7918
2734
6758
13803
15853
15646
6242
12332
9435
8556
11013
11364
9419
9514
989
11865
12755
2074
8082
3760
10781
11398
6326
3903
11765
8731
9183
466
6695
9107
6095
4288
862
15337
2091
715
5127
1993
4383
14562
9437
12774
454
13393
9328
6954
12502
6429
9028
11112
10189
4391
6510
14352
8294
7830
7083
5255
13464
10877
4485
