1932
1998
1231
1485
330
1396
1744
1788
598
1511
1022
548
1851
82
1194
238
565
261
104
1072
1690
308
170
535
1573
777
1606
163
900
389
867
64
1609
404
189
1939
992
445
1727
1590
969
770
1055
1650
852
1371
588
1320
864
1516
1992
1174
1824
162
1871
1451
1909
148
1959
809
1769
1676
105
160
80
1916
1876
1856
142
1245
1734
1111
15
89
1461
846
718
49
1526
817
1765
98
1625
156
832
1083
1295
1077
1703
486
498
66
810
1607
1458
38
755
1582
1722
1487
1498
1359
1624
103
1270
317
949
1223
1598
373
1272
1266
1913
353
1110
745
204
1637
436
1709
822
1914
609
780
753
480
1469
1437
1102
1193
924
1016
166
1397
400
277
1848
1317
1054
347
959
218
919
1046
1097
1261
1028
436
718
232
505
1308
353
1433
1199
510
1913
1900
1669
1579
707
648
1692
776
749
1324
1501
597
7
1323
944
650
1873
793
1701
776
300
119
1636
501
113
804
1807
528
1379
1376
1249
1302
244
1466
735
1634
818
1659
1142
1567
1401
873
1355
509
450
357
909
323
479
1006
517
69
1125
792
1046
1085
1252
182
1613
985
1290
364
561
1717
1689
1088
1315
871
1242
457
793
927
562
206
418
112
1053
960
211
194
1966
1538
546
994
22
1500
1909
1230
1450
1704
523
257
165
38
1308
1524
1621
1993
1627
95
1696
1934
832
1358
1476
1347
1246
1184
387
225
1378
811
687
1600
1811
38
197
98
424
1647
1703
572
1712
636
1842
404
1880
695
1643
1021
22
277
1332
1093
1213
40
254
1967
1144
641
1026
997
1830
1810
1397
1878
1768
800
1208
1424
1072
1505
1228
832
1899
1875
1475
1837
1948
350
1281
745
1256
1949
1070
1189
91
1184
1059
850
1023
33
1847
425
1777
1244
1313
777
347
566
1318
197
1303
1070
1797
1307
1903
322
376
626
69
1095
603
1325
1146
1943
904
1140
1721
1845
1222
872
1141
547
1553
1930
1929
1857
1824
276
709
1242
79
372
536
1047
1065
506
1479
1982
648
1410
309
1187
1317
1358
1524
916
1118
197
1529
104
1325
670
1211
878
1931
1282
1021
629
1665
962
1745
976
1507
1335
1161
276
1007
305
1490
1591
337
1146
1606
325
212
486
641
1674
933
888
338
1608
1961
1549
827
1724
785
574
495
1934
1709
1472
1055
1216
631
106
940
279
199
1221
1746
1191
693
935
1634
481
195
993
155
391
649
493
1217
688
1194
804
436
1591
901
931
440
1192
1213
1495
792
1173
1389
500
894
1931
47
1408
28
740
1241
1662
1627
83
193
1472
1142
456
1789
489
473
983
1652
1963
1489
751
797
1929
327
1184
1424
1729
1259
1965
771
1597
1198
915
1908
830
1961
1149
492
1357
1834
1067
653
640
852
1077
1816
1523
674
148
718
163
1371
101
756
466
614
1436
1263
123
1498
1508
1377
300
423
531
459
559
1168
1897
684
5
1267
1511
1877
119
1028
61
1364
1799
1441
1354
1654
698
76
1303
1164
158
109
1901
35
611
110
644
1786
919
113
603
408
1184
1732
1092
421
465
1678
1318
422
706
1354
1830
1111
1319
1855
948
708
1011
1365
1744
401
142
514
1948
1628
1856
633
1414
841
712
1579
1038
1896
153
822
67
1289
500
714
1133
313
780
1400
192
99
455
1708
1391
918
1311
1810
1483
66
64
465
438
1792
1098
1744
1817
483
1323
1221
1413
1938
1070
1983
649
198
151
1737
115
685
337
174
586
1592
466
708
1106
1742
130
1821
1808
702
1412
138
322
607
650
1495
526
875
371
1939
1063
69
1188
1807
267
571
72
1481
114
503
1961
797
1521
1273
857
1757
1531
727
704
1509
1429
116
1371
1107
893
47
1014
1419
1172
1875
355
52
1806
1935
1757
1790
693
1019
423
41
516
770
756
347
503
1613
744
1485
1108
1960
1390
1079
772
1348
796
336
221
121
629
952
1996
632
612
473
1400
479
85
93
886
1276
1948
1138
506
1095
131
1777
1286
875
1060
1893
1853
1779
204
919
1721
79
487
442
1416
529
510
1812
393
870
1517
993
391
664
132
45
1388
751
433
114
1078
1052
992
1792
945
52
1931
1566
1785
944
1976
110
255
1743
1881
1161
272
139
651
568
1278
71
55
119
881
1252
1255
1178
731
822
1292
1807
1645
468
15
700
999
1573
195
832
1749
939
577
1612
1196
72
1541
1021
211
1658
779
1701
413
724
911
1797
1296
166
613
667
628
1137
1908
1343
660
20
1260
339
1553
1703
1261
1082
206
548
922
1758
476
1381
779
1832
277
0
83
1961
1373
404
1758
1437
1762
1913
867
769
1224
775
1342
564
821
82
135
10
1785
1545
524
421
93
170
666
472
1557
1403
128
1931
1306
1187
1892
1165
262
1198
1040
1500
1285
1907
501
509
837
170
976
1958
252
505
1551
134
1040
1541
1135
1036
1808
469
876
1749
1841
1004
1680
1303
585
1276
138
1677
1706
1946
80
625
434
581
1787
1113
411
1995
545
1170
1490
1520
1544
433
458
937
147
1350
1435
1825
1099
406
53
740
477
1468
1248
1383
1048
1991
287
488
232
1663
675
19
840
1593
1602
1560
1531
1791
1768
1245
224
1390
1692
691
876
1743
1134
320
1431
419
1580
1908
497
1668
1291
1449
1091
333
911
188
852
907
1063
1253
1454
636
35
1863
1155
1813
1108
611
316
1416
1920
1192
1062
286
104
1631
911
1756
1626
1440
1327
1665
662
1764
850
811
1952
1243
1904
218
352
1490
1622
1229
263
467
574
845
1856
1494
164
704
1601
390
814
1911
473
1135
516
99
575
1843
1663
379
1311
419
1097
1970
408
1575
660
760
586
1730
1531
445
197
8
929
795
514
467
1323
115
77
1479
107
550
344
1855
552
231
686
889
1477
1375
1308
1148
1503
1619
125
1453
1237
1943
1951
1803
169
1468
205
1240
121
1951
939
798
879
1016
277
1540
798
995
315
266
1897
371
1377
348
1746
1834
1352
1572
163
139
1793
1400
475
543
1203
1876
373
1766
1116
1025
856
1287
227
791
1313
1379
331
515
848
16
878
1977
1155
255
1629
1947
1189
213
1607
1352
745
283
767
452
1492
1204
1288
881
549
940
1856
1405
347
274
614
1734
1873
1515
1017
1025
731
1721
1623
424
631
484
477
1820
1368
1033
347
271
1250
346
1819
1758
1626
1875
1407
923
33
1360
1288
4
1086
1442
1738
959
73
93
752
804
1131
1129
388
1762
742
962
1266
626
1929
771
1645
1179
425
232
1705
236
741
504
1159
842
856
226
2
710
1668
1736
1947
924
357
902
888
1542
1585
605
1544
75
49
903
701
120
1942
288
1827
1812
1944
84
424
1971
1820
801
35
1635
1027
37
1843
1592
1533
1993
1900
1793
895
1012
1749
78
1593
466
1332
456
437
1369
576
1263
328
1251
1075
384
65
581
1684
556
1549
1649
193
576
1059
1580
248
1024
1587
148
1231
1308
1831
539
901
530
237
1569
597
1032
170
405
1769
1118
943
635
17
1122
1178
1667
1678
1629
84
1485
1044
207
968
1564
914
555
1255
703
82
318
374
51
1788
905
764
1617
1873
594
693
201
1807
1750
1604
1792
872
426
227
1163
126
537
446
1678
1415
522
114
1733
1748
601
436
898
919
35
667
1006
940
1417
1389
706
823
536
505
986
1330
901
70
555
293
157
1718
1187
283
684
491
1918
1877
508
185
1991
1109
517
1861
1685
296
320
925
1973
1737
768
1965
1056
1975
1914
523
123
1781
779
678
74
1293
452
1026
808
1809
749
1110
1300
359
1553
691
1347
268
1320
584
1235
1000
875
494
879
107
1157
913
900
545
390
352
4
1840
1818
78
365
1443
180
405
1596
16
1295
896
473
80
1437
1126
348
117
1906
33
1117
835
1693
238
1369
1464
1233
269
313
940
1389
1691
132
1668
1866
1729
505
1686
1482
283
1146
955
1387
290
1125
50
1416
911
167
587
575
1100
1480
1348
1630
111
1475
863
255
1020
1045
1972
1232
1177
304
634
710
1575
528
192
1758
1271
1147
371
251
790
1653
1667
586
1052
312
1223
1952
1153
1045
1554
1042
1752
638
1297
173
1593
578
1709
1487
882
505
777
22
583
1512
968
994
189
10
1245
1930
895
801
1888
998
1511
1335
1814
1642
1058
1589
781
635
621
770
40
260
1348
1669
1869
1483
836
1189
273
1485
915
1305
466
512
1295
11
406
497
790
1526
121
624
1809
307
982
196
718
567
17
277
1894
1559
1346
1454
1996
1983
797
1928
444
546
443
257
1912
1677
1250
151
995
388
648
1785
1031
1473
1161
1608
1683
276
1044
1633
5
1061
1973
111
1266
87
1468
1586
1546
671
1658
1893
1728
1118
1132
584
559
382
881
1294
91
1864
588
1890
1159
517
118
1476
823
1065
828
885
1490
1913
458
763
768
1690
35
1990
348
1706
97
772
1356
558
1812
683
1908
301
718
1817
1563
1306
1927
819
1025
1948
1321
1097
1013
235
750
1245
1468
292
750
1300
305
614
619
1189
1088
716
1193
444
1574
1381
1721
1463
914
1003
1586
1254
1071
1416
1565
625
1364
1756
1240
7
576
758
1596
892
566
599
505
1513
1213
1724
324
1315
240
869
103
485
1482
1824
1746
549
886
928
1295
725
488
1988
868
1084
640
876
1077
400
1982
272
1195
451
1977
690
938
1236
1970
715
1311
1730
614
646
1987
1539
1146
241
1778
816
1984
1775
6
1704
1853
1974
157
1123
231
1848
190
983
1272
1005
182
705
689
573
1299
659
56
12
459
178
1890
499
949
1353
1026
1597
537
1810
178
1073
203
443
1898
488
583
897
1360
1625
1914
729
630
1423
24
1173
1918
1420
254
874
176
205
564
1615
1062
1712
968
1431
1309
111
1147
1228
529
1350
439
421
862
1856
756
1297
1769
1926
1432
1631
1497
224
804
1189
1972
218
1685
1533
658
1024
1148
1172
1456
1500
1741
765
773
217
761
1546
49
1087
417
1090
463
429
387
135
1932
955
1766
661
1269
1143
1375
1374
129
556
927
1471
300
75
1644
1756
1343
1135
998
732
918
1763
1435
746
1324
996
424
1690
1238
37
1825
402
918
793
1321
881
912
54
255
546
1831
560
785
717
1515
1909
1632
1626
1897
1862
1009
47
99
426
1467
1326
1802
1725
600
1040
1688
775
942
1778
1280
24
994
863
78
1507
1549
1479
1724
1236
867
209
474
1731
1514
1345
791
1495
702
692
1699
1906
1866
665
753
734
278
838
1339
664
1708
1094
640
914
1769
1341
78
1318
820
1814
1314
919
373
1160
1734
1887
505
525
1160
100
302
1627
378
1448
1995
485
1511
1505
555
940
841
1518
34
1896
1184
1033
1445
894
483
1497
1688
1502
1297
1390
426
585
1571
1028
37
918
928
265
303
1542
817
86
357
1462
1419
869
499
163
387
1083
267
