2810
134
3454
834
3824
2696
3944
2602
3864
2396
1364
872
3078
22
1918
3060
2718
640
578
294
1644
2784
3758
874
2036
1694
818
2938
2350
8
2792
1160
3874
1434
262
3762
3400
318
2428
3328
2714
3162
2456
1066
3076
1100
126
358
3476
3484
3028
1056
2010
3270
182
46
2360
3364
2984
710
708
256
1810
646
1690
2452
2546
1154
2108
3882
3134
2858
3216
3952
2144
1324
2852
1346
1030
2264
1412
2896
296
3338
3562
114
708
1260
814
3860
1710
1522
3540
182
1448
2150
1730
3686
3586
314
294
896
730
2922
2992
2874
3064
1780
802
94
3572
1402
2802
3748
2064
1638
3570
780
2898
2692
3040
1124
1170
500
3058
1724
2286
1514
2206
1808
2736
1848
250
3466
3508
3178
1938
2572
3320
1136
886
660
2602
2962
3870
2950
600
3636
3950
182
1666
2990
942
844
2554
1158
984
3668
420
1152
2802
2316
3304
1384
1120
2812
3054
3118
2168
2438
1982
2392
2440
620
2262
2374
2266
2338
2738
2252
2092
2864
738
2970
1294
3356
128
2278
3688
3708
2874
2490
2318
2904
2830
1262
1716
886
2144
210
292
3838
2182
1788
846
144
3414
2644
2194
3950
392
222
866
1194
424
3572
3066
3042
1980
3314
930
3042
98
304
138
2928
3042
2240
1978
898
1102
1544
672
3284
284
3762
3140
1532
2882
2346
2418
3338
2124
2448
596
2612
2746
2406
366
830
2558
1290
2212
2524
3014
1688
404
1394
616
1720
1388
486
416
1378
3910
700
2320
3166
2296
2712
3244
3942
3374
1432
3116
1948
44
1926
458
340
2756
2100
1694
544
624
2680
2920
946
2650
3600
710
3400
3178
294
842
528
470
1478
3986
3428
190
322
182
2838
2890
1066
890
1880
860
1348
2284
0
1478
3638
2730
2166
958
254
3112
2946
516
1534
3482
3922
1852
2640
3892
632
54
3878
1140
98
3782
2294
1260
2608
1954
370
728
2878
914
2444
396
3436
2082
3126
544
1302
2872
2632
1580
1644
1760
1062
1552
4
3978
1660
3044
3924
2282
2096
3594
2500
924
2270
3382
2942
1836
3506
1820
1528
1724
1424
2156
294
2362
1612
1008
216
906
3428
1924
2730
1570
372
1210
2408
2712
1504
3058
1960
3600
472
3396
2612
1536
2778
330
3764
1454
2876
2324
3178
3316
3442
2948
228
1766
618
3988
3204
110
1912
1934
798
670
1386
2326
1894
3946
732
3826
3654
3014
1156
2076
2586
1622
2470
2350
104
2270
3248
3074
860
2690
2748
1088
3160
3430
1100
3026
76
876
2592
2806
3730
1142
1142
962
1196
1678
2928
124
2988
84
1952
1574
3188
486
2966
3084
2878
2214
732
2018
2712
1984
3006
1936
1446
3574
2590
2566
450
3160
966
1382
2018
1444
3516
2452
494
3412
1040
3408
3458
3056
2166
206
74
800
2878
2868
666
2146
950
3378
3774
2056
1576
1736
2482
3450
3896
2630
2674
2754
76
1354
198
560
1098
3640
3972
6
568
578
554
3460
3628
564
2724
3976
1034
52
2122
20
122
3074
2202
1918
810
3784
2094
2910
1138
768
2016
2938
2186
2182
3562
1152
1096
3420
1222
528
2778
732
2996
1680
3170
2382
1704
3476
1182
482
544
1304
3556
1722
2660
2524
1448
502
2246
1030
3734
924
694
3178
2742
256
394
2290
900
1338
2156
1216
606
3160
2896
3904
3286
3080
236
2168
54
54
2474
3772
2332
2546
1320
3900
1956
3566
2024
1626
3126
1330
2384
3658
2926
2672
1668
488
2602
424
3336
3208
2858
3496
2578
3508
3584
2814
678
406
812
528
3438
794
542
2794
3106
1182
1498
2918
3556
1628
3432
2102
1222
3084
570
2828
44
2032
3188
644
1176
1634
140
3862
2788
492
2226
2110
2782
1350
2638
734
2144
1904
152
2376
3278
1650
1294
2898
748
2864
796
410
1948
1430
3238
2032
3462
1916
2676
2628
66
864
1062
1278
3628
3288
3104
3154
3912
3534
2484
2056
1694
318
432
1036
2668
2616
596
2144
1480
2160
1604
188
4
2838
2156
542
2862
2784
2086
1414
3712
1686
3800
84
2462
2242
314
1450
2644
1104
836
288
2258
3596
3252
346
3020
1408
2460
564
26
3144
3560
30
3694
1900
3108
2442
2868
1856
1028
3156
10
828
992
2132
546
2596
1408
1436
3916
1372
1956
2174
2712
2768
1828
1158
2778
352
594
876
1208
3492
3154
1628
1528
3982
814
3734
1874
1842
2890
2072
1010
1172
786
2218
3848
1422
846
3852
886
814
1614
18
1982
278
2440
2856
1292
1492
3820
1052
920
706
3360
1232
1386
174
2502
292
1664
2950
1638
280
1842
852
2002
1690
1342
2912
2098
2292
1838
3712
1726
3820
3370
2560
3762
1922
52
58
2404
2708
1310
1852
3612
856
2404
1388
2468
132
2374
3170
3852
3468
22
1918
1158
1384
830
3060
3740
2992
3412
2676
166
3958
116
404
2690
128
398
3650
2900
912
2266
712
3880
734
2100
3250
2088
474
3856
2236
2674
3216
3592
3784
1768
1238
3340
2634
956
2816
2242
3210
3584
2062
3550
2338
1934
3668
2688
2970
2310
1018
3618
1426
1202
2560
740
326
1850
1546
2154
1486
2330
1438
1766
3374
462
1832
676
1418
2904
2918
1728
3320
2636
1214
3082
3234
2454
1770
2204
3792
3450
1160
1640
1688
2536
900
2638
322
646
792
2772
3040
80
3656
3608
606
1552
284
2088
1288
1076
360
3882
3840
854
800
2412
2336
1696
3064
2214
1210
1904
3426
3522
3368
262
1456
228
2954
600
3000
150
3544
3280
3458
3466
1728
3080
1378
2290
2060
3046
2172
1780
1744
644
3424
262
2340
466
1140
66
2498
502
3456
2404
2852
1936
984
3898
1810
2016
710
2266
634
1252
2546
1318
2236
1232
3028
296
940
3144
3178
3196
2162
2666
158
3050
1736
2382
2454
108
2120
2934
1704
2606
208
2688
1356
1662
736
2130
3396
3898
3508
1610
2082
1272
3716
2442
3750
1288
2692
2992
484
2698
1722
2948
1932
648
502
522
2860
1720
2730
1092
3114
678
1596
534
1212
1220
290
1816
456
3734
852
2310
942
1200
2864
1192
1128
1996
2200
580
2986
184
152
2036
2720
312
2558
2100
2096
2328
1008
2406
546
2668
2192
1858
1448
1966
768
2944
1768
1684
2426
1632
732
1664
3560
1820
3596
1034
1304
3948
3214
1498
1984
3442
1122
3138
1342
974
1424
3730
1368
1906
2462
888
3322
3974
3516
2554
2244
2188
3194
182
3444
1474
2582
610
346
352
424
1650
3380
2854
3784
1396
588
906
3018
1866
3868
378
2136
1236
1994
390
3686
1264
3252
106
3862
1496
2294
560
588
2124
1582
2006
2486
1624
1258
2126
26
2978
980
3096
2482
3608
3678
3810
1410
472
3428
134
700
1486
3092
3230
3778
1336
3124
148
3434
2444
412
3594
568
1170
1588
2018
390
3572
3892
3702
658
2848
2734
134
2456
3056
3880
3814
2520
452
3668
2558
2240
920
3328
1662
2256
3478
1144
1114
1858
2060
2480
1254
3956
794
3236
434
430
3408
72
1152
560
810
1082
1832
2480
2798
1982
3960
1092
2314
2534
2852
3234
2416
3102
2062
3002
3434
2514
2792
2220
3970
2462
1376
3112
1698
1810
1382
1170
2460
3196
1886
3334
3338
3898
1802
2142
1736
1116
382
3358
3966
1466
3940
2446
3112
2122
2104
408
3044
2720
2124
3736
2370
3500
3312
608
2370
2732
562
2786
1992
1324
2726
1346
2574
3088
860
3098
1964
542
2456
2728
860
2516
1238
2914
3704
3796
1430
868
2580
3554
2932
3128
626
3654
3736
620
922
1488
936
1134
164
1790
3852
3464
1362
1374
366
60
1980
1364
2852
1782
3800
3526
760
48
3730
3330
254
3576
160
1258
3552
466
2768
3224
154
1910
1736
3218
572
846
1008
58
2682
1016
2620
504
1140
3360
1748
3624
1206
1342
466
1650
1390
1462
2256
2036
1038
2416
2496
2450
1950
272
1674
1378
2844
932
3084
1664
150
2738
1894
784
3798
3274
2328
2594
256
802
2218
2986
3460
1688
3974
1750
226
1386
3168
3124
304
2016
1510
2190
2288
1094
48
2420
1526
3822
3422
1376
2980
2472
1456
818
2472
3848
268
1720
714
2050
706
238
3638
680
966
3138
2568
3546
2198
2808
2054
570
998
3766
1888
288
2156
202
46
2734
1110
1066
1270
346
1796
3874
258
1552
1594
1982
3438
2042
2256
604
2574
2710
1530
1142
836
6
3886
1154
3372
3394
3422
2420
3170
2038
2686
876
696
1576
1738
1966
1922
3598
1182
2244
1890
904
3738
2288
2946
820
724
1034
3466
2468
3956
1904
2410
732
3058
1782
190
3572
638
256
1610
3388
2484
850
2652
3330
1778
730
3732
3340
1578
1622
2436
2502
730
1236
2254
3930
1346
1720
2398
1326
56
2808
530
1660
2910
3660
1912
2208
596
2796
1180
2048
3646
1472
2238
1804
2138
2570
1144
3898
2988
762
1332
2258
1618
3586
1526
716
2374
3756
3390
524
390
478
2800
3300
754
648
2834
688
3444
3602
2672
2428
412
292
3448
2486
2862
2966
1232
536
3728
3900
2342
1826
378
3120
2890
202
1298
2344
726
3092
2070
90
2328
2162
3442
570
2786
3276
2370
2158
1976
2718
2450
2192
2412
2038
3162
3246
2638
630
3282
980
2804
1758
2522
1758
2380
3820
764
510
792
2694
2952
1472
596
490
240
2190
2722
2546
3306
3254
2352
792
1724
828
1246
2626
2354
3732
3918
2706
2026
894
3088
560
2410
2148
444
2354
958
2316
1112
3910
3892
2434
3356
3652
244
1352
2894
3062
2098
478
424
3690
1076
1734
2978
1278
1272
2896
1428
3234
1934
1660
1326
344
3448
1834
1926
406
3518
3848
3364
3410
1334
3266
3828
1026
2998
2658
254
900
1206
2874
1316
2282
2924
358
1068
1652
3254
3222
2418
1384
2374
3808
2234
1160
1974
160
2114
2392
3752
2140
1680
1518
1062
2148
1882
2064
2874
1564
1100
3536
438
280
2746
1450
638
540
3136
3724
3762
654
1614
2612
3816
3848
3908
2094
3672
2684
3792
86
2792
1472
2568
3826
612
3250
1762
1674
2866
726
3068
1508
1668
1878
2296
2306
1198
1432
692
1436
2086
2242
3322
2206
1526
586
3978
2418
346
3770
1732
542
1306
962
3248
3242
2224
1422
916
1304
34
2152
3796
1634
2924
2500
4
3494
3748
3376
2784
1676
2866
538
3818
2660
48
3840
3032
3572
6
1300
3030
2636
274
1552
1878
1844
642
2132
3148
672
3916
3008
2370
776
1170
580
2620
982
1204
3772
3370
3408
310
3786
684
198
3562
3964
3910
710
674
1542
2074
884
3946
922
960
696
1210
172
2030
1126
3774
3216
3624
1460
3732
2180
1174
3406
1664
1142
3998
2582
864
622
2780
3190
3996
2144
3652
606
3462
3148
2190
484
70
3812
212
2860
3632
2306
2202
3342
3816
1762
1818
3916
3674
1286
3490
1402
208
3552
2820
656
344
3234
2598
276
2238
3608
2734
1916
2756
2692
1280
790
1184
1556
1866
2278
3092
3612
1064
3212
1488
2156
3128
1750
870
2912
378
598
3296
3262
1190
3576
28
2592
3764
1286
2920
2562
478
3836
596
1822
890
1780
3576
860
58
948
2418
280
1736
3842
1180
1328
1592
374
176
1150
160
870
2774
1350
2706
2866
3738
1720
1694
1480
346
1152
2236
942
2668
1152
232
1372
1540
110
1232
3722
326
504
120
854
3240
2630
1292
210
1480
2804
660
254
154
1954
3846
310
3738
1848
1854
2870
616
382
1864
1948
834
1520
232
3980
2136
2152
258
2190
896
3652
610
994
1022
3318
1140
3542
1460
480
2562
2066
1538
1284
2440
2002
564
3322
804
52
638
2668
2726
2080
3578
1506
1620
1714
1308
1912
476
476
2052
1086
518
1030
3938
1958
1552
2478
1542
2990
608
3742
274
3842
1808
3710
452
2612
3128
2462
2400
338
3736
1638
1780
1356
3924
3592
3508
3738
730
1560
760
276
962
822
656
1252
1720
3114
242
2990
692
2438
788
2884
2664
3664
3664
1888
2136
3398
1550
1664
2176
432
3084
1438
88
3254
1112
818
2738
1808
1860
3038
1648
1100
1786
3368
1950
1480
2422
3404
3698
1634
2352
1760
1592
586
3648
3952
1124
1756
1936
316
1260
2852
2942
1172
466
2170
372
1610
3700
1488
3032
1988
324
2690
2556
2210
170
528
2742
3746
1390
3728
2014
698
3366
1954
2966
2242
3970
2714
2558
1290
3412
2162
1736
1054
56
1364
492
3580
2788
2604
1568
568
3914
154
1642
3594
746
3722
3340
3420
230
1326
780
3956
400
2186
1714
2584
2746
844
3806
2158
546
2070
1040
3828
3230
806
272
1598
2202
634
1386
1626
3584
2302
1156
3222
1592
432
3738
1886
1922
2958
1930
1294
3198
3720
3802
516
2876
3346
2358
2696
1276
2618
1092
3844
192
2252
1818
2716
2822
2906
1090
3174
2408
2
1284
64
3182
1792
1602
2512
686
3608
3742
2512
3328
722
3028
2140
2624
1450
2780
3836
3494
3936
0
3750
2410
2544
1150
348
3702
3996
820
1442
3934
1512
1314
3248
3304
2916
3200
288
2460
2280
2864
1892
1494
2618
184
3562
3548
678
274
3990
3258
452
486
1732
620
600
1890
918
3682
1070
1320
188
1034
6
278
1544
1154
3414
1192
1306
1986
2328
3350
3508
290
82
3882
2532
596
3494
1158
612
1022
1972
2816
3534
1706
706
388
2164
1840
3068
1264
16
938
1050
1496
2092
1702
2688
3150
3716
952
1180
2498
3936
2354
1236
2468
2224
1806
1246
2772
788
1060
1588
3294
786
2048
1094
666
3952
98
1994
3936
3160
3910
2440
2996
1612
184
90
2352
3142
1090
82
794
3462
1880
418
2762
3930
3172
2146
3624
3320
3442
2982
3510
1394
2614
176
3284
2516
784
396
3982
2986
1230
3078
2562
2202
3650
3854
1344
740
434
614
202
1302
2520
1504
2448
2686
3966
1544
2006
934
1836
1834
3604
778
2406
728
3294
2314
3218
3376
672
2012
3116
2110
190
2766
990
2260
46
492
678
3118
1886
1080
2450
3282
2458
854
3516
3484
3856
1680
1254
3812
2458
2186
254
1816
436
2964
1854
898
2984
2582
544
2730
3816
2146
3594
3818
1654
422
700
3540
722
3876
984
372
914
500
3856
2846
2244
3168
958
2850
1046
2468
1034
674
1496
884
1636
2512
2302
2246
3556
1450
3964
102
3030
2280
320
3794
1732
466
3670
684
3906
2756
120
516
1666
2124
3868
1434
662
2758
3902
1034
2084
1556
3914
214
2980
2942
2032
1144
2508
1996
1908
3414
340
1652
1106
666
836
2840
2266
2874
3358
2808
162
1628
996
3650
194
996
3044
434
3974
466
1058
60
188
3578
1118
2156
2168
2900
96
3740
2314
906
1392
1208
3760
3380
294
1430
220
3000
1378
3878
564
3036
3566
32
3520
2610
3598
122
3012
592
126
416
950
3734
2324
498
3166
1110
302
1416
140
1196
1718
3836
576
1540
1266
356
3140
3226
3508
2640
3874
542
1392
3582
1996
926
3460
290
2098
730
126
1874
464
3176
1244
1362
2130
3720
3328
2010
1412
1546
1846
1628
3086
504
1998
3882
2658
1510
2758
2720
3096
2092
1314
1092
2834
1918
802
3990
3310
1654
1864
3774
894
3316
1862
3024
3596
1466
1078
1008
3012
768
1346
1582
200
3344
1764
2132
2102
586
2764
994
2678
804
2150
3494
894
2
3440
1584
2284
2424
2916
2610
892
842
1918
3762
3376
3160
2910
3572
1544
256
1926
1680
3952
3838
3804
1626
424
386
996
3764
418
1816
334
476
2122
894
2282
342
3382
2354
1668
2490
1512
3586
1208
1864
362
2364
2356
1842
2684
3570
94
542
3668
3056
1084
820
174
3186
648
2960
1370
1046
244
3428
1940
1026
3846
2230
236
2178
3014
1276
1344
3394
652
1974
1822
3072
3868
2448
434
226
2926
102
2830
2222
2556
1408
3036
2092
1488
1730
3800
582
1698
1812
1608
1788
236
2970
3610
2778
1694
2726
680
3072
2916
452
1472
896
2836
1244
1784
1854
2334
3018
3476
3778
1152
3778
2596
3664
2048
1156
3146
3084
712
1736
2744
2668
1234
3860
1382
624
966
24
1488
460
428
2298
1356
416
3862
412
1282
2536
668
2858
3040
484
3080
1916
212
2242
544
3596
1262
2360
2348
2454
3314
3582
1470
1996
978
2834
2020
1804
2374
2344
3578
3046
2072
3780
640
790
2316
2308
374
2196
760
162
3504
548
2340
3568
80
14
2414
1732
1778
1888
1914
3692
108
2402
3078
2854
142
1388
510
3436
1680
3244
3216
1296
3518
2020
3948
3144
3554
2908
2580
3950
2360
2696
2956
994
3436
3458
890
1722
1634
150
1478
1742
1128
938
596
986
1354
1832
422
3674
2540
3914
2582
1622
1682
1086
3140
1872
3622
3376
1196
536
680
88
2086
1180
630
576
542
2932
2954
2682
1126
3534
1808
132
2548
454
2028
1938
54
512
1912
980
1174
3504
824
314
1376
3234
3062
2508
2762
3016
1020
2768
3484
3610
998
2864
2478
3664
118
2942
1080
2310
2746
2596
2700
718
1260
862
1230
652
1048
3992
156
1808
3016
2810
2574
2014
3698
3086
2650
1984
1762
2860
1562
792
3996
3378
3822
122
1296
2714
2432
1450
54
2548
2168
1206
3480
282
1216
464
290
2876
1344
2662
3934
2834
3666
962
3748
2380
2946
2236
2376
1448
1444
2380
1930
1266
2502
570
1384
870
1956
776
1660
3556
3570
1076
3714
2290
2076
2698
504
132
2320
506
1298
1630
3544
824
2524
3402
1412
900
2424
2920
2554
354
848
2624
198
3528
1584
1526
1248
3180
1744
92
256
1970
2382
2180
3012
730
2248
1622
886
70
428
1342
690
1904
1470
722
2270
3046
368
2792
1244
1280
2200
2238
2808
3896
426
3330
716
1446
194
140
3352
1812
2024
3678
3268
224
1300
3462
508
808
2056
3882
2242
522
1330
3104
2588
1698
1656
1930
2978
3760
308
234
382
734
3096
1098
3352
1098
1716
3338
3572
308
2952
776
746
572
3442
1318
1380
1386
1200
58
1590
1086
390
178
3324
1570
1752
3654
2056
718
550
1178
16
2546
3984
94
786
1668
820
1150
3302
2132
1926
112
976
2420
2122
340
970
3142
380
3380
1282
10
2476
3074
2286
228
3390
3274
946
4
3228
204
2478
3212
3890
3200
2206
710
286
1572
1358
1468
1868
3682
952
3626
3342
1260
2768
3786
3040
1550
438
564
1286
2788
2938
740
422
3820
2808
1130
3592
2394
2082
70
3856
352
3296
366
1988
3026
2236
120
908
3188
3810
840
3168
376
1054
682
2762
3448
118
1476
2236
3056
3328
1878
1402
3480
748
2558
3576
3556
1714
120
3908
1518
3130
994
2170
894
810
2674
1568
3662
102
2336
650
3774
3018
3412
3222
1142
162
1432
2150
834
3554
0
3588
2144
1720
52
2588
3498
4
1384
1980
810
390
3402
3190
306
2202
758
3968
1248
3030
3382
1474
2230
3966
2474
180
3488
2958
2030
3380
2512
2248
144
656
3584
92
3244
86
3584
1198
1958
2774
3256
782
3584
3562
2516
1110
3594
3916
138
3040
3168
2432
264
1974
1748
3224
2684
3714
2668
236
2534
2524
3694
986
2432
678
2544
2080
456
1228
2100
474
446
2452
848
2006
780
3472
1910
2698
2512
2538
3798
2248
3168
2050
2134
1764
1664
2814
802
2404
3564
3120
226
1132
3862
120
1610
132
1108
426
3658
1618
738
1190
388
2034
1718
1522
732
1520
290
934
3768
1122
1180
1650
1456
3758
3878
3346
2162
314
3838
1872
754
3700
1992
3080
3784
820
110
3554
3202
2042
3090
26
76
1436
1342
3534
660
1984
2664
230
862
506
1816
2382
748
1938
3036
1350
1624
2938
3222
1652
316
872
2884
3580
1988
3896
3820
3448
1938
730
3538
1666
706
1740
2416
3292
244
974
3458
1832
1480
2342
214
1324
2934
3640
942
494
638
2216
1470
2662
3024
2536
712
3626
1184
3148
3138
754
1582
2676
976
3188
1598
714
40
1906
3740
118
3802
1804
3186
2874
3520
316
1166
1486
3886
3472
666
2082
3852
588
3546
796
278
730
1648
3416
40
3166
1460
1016
3978
202
302
3292
846
562
3110
1044
2366
76
3698
2910
3160
2752
460
2612
2054
3544
3470
1970
1108
3016
1238
2230
3870
410
1250
3830
104
210
1250
126
654
2214
3102
192
2840
1550
1172
1684
1410
748
2774
3708
180
2412
1160
1318
1068
630
652
40
3906
1890
2126
3904
1544
876
3862
1968
1086
2612
1116
368
3666
3398
496
448
2152
2610
1548
2836
2074
1162
872
2106
1250
2032
1450
3818
890
2166
222
2884
782
1840
2788
1290
2716
2926
1020
540
3622
32
172
706
634
3662
3678
2060
988
2130
2720
2998
3292
3960
3108
1380
1864
622
1134
862
166
186
3746
616
2026
2598
610
3536
1524
3590
3476
1966
58
3240
2736
86
2902
942
2090
3826
3008
874
2824
1978
3086
2990
662
950
1632
472
24
2470
3022
3786
1790
2342
2384
1878
1258
3644
2288
2218
1678
3072
1458
1720
458
3982
842
1312
3780
1504
1430
1878
538
452
2748
1264
2278
3172
856
2254
2636
3076
2040
846
1418
3128
2788
160
844
1738
1302
3230
2742
156
2602
416
3890
1098
1824
772
2538
3254
1106
1936
3974
1706
3328
1364
1466
184
3110
2766
2892
2994
1194
3370
134
1594
726
774
220
576
3612
654
1082
2064
2482
1036
2970
3310
1808
1444
3880
702
3380
3906
2472
3948
1270
2332
196
3300
1034
2030
1258
2228
2216
2288
3908
2280
554
64
1640
176
1252
494
2304
1166
1204
3334
1194
604
2110
2606
824
1490
3362
3296
1478
1844
1028
1218
2182
3344
812
3076
2108
742
3874
1736
658
616
1138
982
3560
3794
814
1864
2628
454
2354
2502
150
3216
766
738
2210
192
760
3688
2412
1788
3372
594
2508
248
2180
1342
430
1498
3606
228
2050
1468
28
1764
2326
778
164
1680
324
1528
822
410
2248
3992
3010
3796
200
1814
3484
278
3602
48
3684
2836
862
2560
3438
432
2874
3768
1386
262
3106
1422
1654
1496
3356
1818
440
3616
3646
3080
26
1232
3088
644
1028
3602
2458
3168
3736
830
3846
116
2006
772
3338
1368
1204
464
1072
962
3734
1902
3540
1920
256
2832
464
120
2448
882
2960
1868
286
842
1040
1314
3236
1920
1420
3036
2686
1510
464
616
3262
1062
1920
3086
128
688
230
394
3448
754
3040
3768
1416
48
3648
3816
3166
3334
1868
2790
1444
1370
3576
1792
3514
1780
828
3172
3290
3572
3724
28
3972
1972
1164
156
956
2158
614
1444
1340
3718
1676
924
3670
1302
2214
2834
2032
3534
2056
3412
968
1632
1556
482
514
3336
1310
1224
3764
1586
2078
144
3622
3150
3924
608
3008
2584
1564
3332
1134
614
2698
1466
3312
2704
1304
1408
1314
752
2060
316
1232
504
2818
654
3840
782
2704
3668
3132
782
250
1152
1568
3674
3456
576
2194
2172
1180
398
2786
3878
1132
2098
1174
172
46
1854
644
1986
1446
524
1482
584
