5828
876
5656
7032
7152
4716
5604
4584
4692
1984
3856
988
2492
2424
4764
2308
4060
984
7760
2800
1756
5508
7800
5204
4248
7188
2608
7248
5508
324
7452
3776
2904
7052
4092
4900
3768
2464
3140
5656
4448
2452
6788
4136
3392
2900
6372
3996
5372
4844
3340
7072
1316
736
6132
5508
6452
6224
4104
4400
5612
604
7524
4640
4200
544
7740
6996
4608
6336
4796
3616
4024
4032
5064
7416
1132
7980
4204
956
3788
7788
6116
2512
524
668
4140
6616
1012
4580
2216
3400
5184
5308
40
5580
7780
3236
7584
4828
3240
5212
3248
352
3364
6184
936
1692
6992
596
2648
2780
3736
4532
4812
4260
1744
952
4740
732
6184
5328
5984
7704
2636
5512
6876
2204
96
6460
2488
4856
2208
6424
2408
1808
2564
6016
44
3572
5420
2692
7208
1808
3768
3596
2612
1452
2644
3068
4176
84
2260
6352
6968
352
6508
7908
1604
6604
7020
3688
700
1356
5264
7964
7708
7828
6052
7752
3400
16
628
352
1824
4208
6700
5984
1116
692
2916
5292
608
632
6288
7576
6632
252
2472
888
5304
4548
5200
6004
2448
4480
2584
4808
2696
636
512
1552
5196
7128
4004
4216
7464
4912
6232
1652
7236
140
5216
424
6844
4528
5392
5476
2836
2920
4708
140
4012
492
1472
3960
2168
5656
3392
7472
2836
2880
5536
684
1064
6076
2716
1600
3640
7940
3252
3596
7536
840
1372
1236
5368
3960
4240
6120
3424
3272
6260
2984
1764
1984
6944
3932
7640
4448
3404
4488
3872
4936
7260
4540
6860
1976
6140
1324
1916
3420
5076
2380
2580
7160
7072
6244
1344
2832
124
2196
1560
6788
636
7144
2300
36
4788
5340
1028
844
2604
6172
452
5752
4904
1592
3776
3960
112
1596
3924
420
184
4568
7580
1112
2812
5584
3476
5332
3236
6084
6952
3744
5228
1252
324
7788
3912
5896
5600
6296
276
1564
3568
1824
3428
2596
5784
3316
3424
1364
7192
6812
1684
1496
5700
1128
456
5680
4204
2780
3112
5252
7036
340
7456
5832
4032
1444
3888
5984
7876
4164
4612
4172
5796
1836
6424
7988
4936
2196
6624
4140
4616
4852
5436
5300
4376
4980
4816
5124
3216
6296
44
1908
5524
7500
7876
5408
1944
396
6848
5932
7224
5040
4564
3248
1340
2988
7836
7052
792
3600
6368
6752
7164
3812
6368
2788
3376
6448
2988
7840
7848
7488
2068
2220
12
5808
4812
5416
5412
4840
812
176
5336
4248
4192
3996
6456
3588
4568
2336
428
6852
1612
676
4952
3244
2432
4380
1692
5652
4220
1612
6164
1500
608
5524
4852
2616
1220
4636
5776
1040
4812
7560
3860
2836
604
2316
752
2444
4524
7024
7048
4936
6196
6804
1692
628
3184
3456
172
212
5068
2008
3256
4192
6972
2312
6808
2248
1132
1128
6404
7776
6112
2264
2612
6716
6492
1860
816
5424
4340
2420
5908
1600
4384
760
4224
48
2044
4396
2812
7112
1212
2360
6376
4628
2944
3024
4196
1644
6104
5792
1420
760
3528
4032
3596
2140
1348
2128
1912
2580
3164
3252
2476
4612
2492
6252
2956
7992
6144
1224
1164
5872
3584
668
6756
4096
3040
5440
5740
3064
5036
7160
1020
6052
6648
5424
5388
272
160
3772
7396
3324
592
4920
1288
5356
7320
5124
2920
2008
6464
6988
4136
576
7960
7436
4020
4920
7192
5216
5180
772
436
6200
792
1788
7448
1140
6604
660
2632
1616
6120
2040
7500
7636
2200
3636
4760
720
6372
6248
6268
7912
6324
6236
3932
5696
352
3260
2912
5532
3584
2068
276
436
4508
2628
1880
3112
6032
3860
1308
5108
6260
6808
2528
4060
3172
2744
1324
6088
3844
7600
6176
5520
6488
2896
3216
6840
2700
6032
916
3928
752
6424
908
5812
1052
7028
6156
5824
288
152
716
6624
4112
3244
388
4396
1628
1868
2344
5784
5732
5064
3192
4220
4504
6408
12
7856
3180
7096
7288
2116
976
1620
7152
2784
6968
5308
3040
1012
7960
7212
3436
4072
1704
336
7800
7740
6468
928
3240
4852
4136
7952
2000
1292
1164
6256
1924
7816
3704
6404
5684
4620
24
292
1836
2400
2016
332
3156
2056
72
7720
4820
1296
708
476
1036
440
1404
1252
4412
6892
7064
7608
2888
5556
5864
7348
2260
6048
2296
1120
2668
752
7172
7656
5116
5156
676
7344
5904
3940
2428
4892
812
6280
4416
6420
5616
444
6288
4008
5008
776
4400
2700
3220
1464
3352
2136
7960
7596
4472
5512
4612
3972
5856
504
7468
1336
1644
6436
852
3544
3000
4468
6368
3960
1504
5296
7940
7792
1288
404
1636
1432
4512
6216
176
1644
4460
7564
2048
12
7084
6660
4612
2228
960
624
3564
1556
6732
396
2516
1732
4072
396
2236
5576
5692
5704
824
7632
1508
812
5608
3216
208
1916
1572
4252
1480
4068
3760
2396
2592
852
4624
608
6140
3376
2164
2864
1564
4192
6868
2036
4588
1104
6996
7476
7944
7820
3964
968
1812
6356
2248
2020
272
3820
5768
5864
7728
6088
12
1840
3480
7416
7644
2540
1368
5808
328
4684
4420
3740
6104
3288
5576
5100
4188
1088
7240
7776
5560
5428
5480
3264
4592
5752
2900
1800
5308
1532
7076
1864
3592
1604
5552
596
688
3816
7332
2056
4324
2912
5664
5188
276
920
3368
4464
7832
4524
2660
5028
1952
3596
7324
5444
6268
5076
3644
120
1008
1440
2636
7560
7588
6372
4700
6688
5360
2932
6872
1684
20
2248
7300
3200
3216
2668
1540
3700
1600
7656
1328
1004
4364
5460
7896
7176
3840
3540
7668
7964
1448
488
3548
6140
6860
1804
4004
4220
1128
7936
6908
3012
5640
7608
7536
6228
6516
6540
1928
7464
1116
5144
1916
208
4228
1812
6968
1040
6808
4156
2068
1904
4644
2000
5240
6308
3804
6764
1632
780
2156
7076
5116
7144
2924
7508
4372
3372
1568
5900
452
1476
7244
6536
1268
7600
6732
2836
2016
76
6340
3532
7176
4632
6184
4416
2868
1084
5804
5152
6404
7308
5380
5832
5708
7652
5340
6664
7736
7684
4564
7284
1792
776
748
7604
3784
2936
3232
2420
6316
6044
5952
7140
7744
6936
2724
4876
4792
7876
276
7740
4976
92
2044
2684
7560
160
564
4864
7772
7456
5580
6108
3688
1376
1904
96
1560
7024
7060
7740
5352
2208
2204
2520
184
4928
5812
4608
7356
7660
6724
4332
7752
3392
4056
3264
4768
3492
1600
7548
6404
3724
1960
5524
2516
296
2816
84
7644
1876
4368
7164
6988
2164
1684
1096
2112
416
1912
2756
7540
4176
6772
7788
7568
2716
6508
3452
7876
4908
3000
1984
6816
6236
3808
7156
6532
4448
7072
4568
6028
2052
5404
4364
112
824
3268
5456
5724
636
3016
2352
4460
3756
240
3760
6472
868
3756
2892
6844
4316
6440
28
6080
2248
1084
1104
5464
6556
6920
7436
4504
3672
4928
1812
2848
196
3644
7044
3980
6660
6592
7520
2904
2896
7792
7236
308
4036
3656
1464
3156
2784
2088
6380
7128
7900
4028
3024
4800
5760
5064
7644
5912
3320
1288
760
6320
388
4520
5660
5764
6616
1724
5140
6056
5416
7832
1252
4908
3524
7136
7552
1764
7496
4488
6016
3860
7540
2992
660
5300
4600
3856
7388
6476
5432
4176
7844
5168
3464
5640
7404
6624
4084
0
2936
4788
436
3428
3116
1456
836
4948
308
7284
4892
5708
4472
4700
5896
6992
600
7040
4864
640
5516
7916
6992
5784
7076
3528
3424
4216
7640
2144
7240
4704
684
6804
2940
7272
804
6548
592
460
4192
3700
6208
5476
1000
3768
1516
7748
7532
4652
2564
5984
24
1556
2604
3596
540
6132
7812
900
3988
6776
348
1868
1036
2592
2596
2972
7500
4428
944
4576
76
7152
2052
6540
1892
5080
3336
5640
428
772
3112
5600
4240
5716
1196
7380
1068
1412
6480
1600
3644
3372
4148
7480
2024
4356
5164
1524
6832
6108
7596
3300
7552
6192
7036
1444
4344
5244
7652
6720
7276
2764
1120
644
4332
4620
676
1944
248
3700
7528
3724
3348
4592
400
2244
3220
4764
720
3612
1940
5512
4108
6124
3704
4472
136
12
2444
4372
2164
288
6152
3284
5552
7028
5880
1388
6644
1716
1144
2096
1448
3124
3232
6952
2248
12
7384
4332
168
1748
6820
6796
7744
1428
892
3848
5984
532
2932
3820
244
3220
5080
5796
2900
3612
7048
800
1560
7540
4720
6464
7872
4944
2316
1468
3068
1612
6360
432
136
4084
6364
3848
5512
3180
7920
6924
3712
1532
3104
500
4752
2628
3492
3420
2784
3556
1968
1224
1064
5472
696
6388
1180
3012
3080
792
1400
7824
1848
6080
3908
4600
1224
1652
7836
1304
7040
7580
3228
4588
2536
5824
3760
956
2916
3088
2596
948
856
7412
3616
7840
1024
2820
5656
4104
5484
5104
264
5480
380
3444
5536
844
7716
2244
4952
860
7208
7436
7728
4672
6156
7424
6280
5892
3664
6740
4944
3096
1464
3216
2284
1092
3060
7676
1532
7892
4780
6992
2412
2456
7908
7948
1512
7808
6840
4560
400
2592
3620
4032
7264
4812
5260
5528
2704
2148
3348
4512
3024
5608
7236
2716
7972
5320
6496
6104
6028
2828
5096
3896
2432
5840
316
7080
5808
7156
3640
1664
1748
7980
3020
6208
4792
2792
7320
4664
2676
1224
5788
5372
4384
7136
7528
7812
6616
1032
5164
3624
4512
2872
3728
2080
488
5240
1160
6296
940
2816
308
7732
2796
7872
6476
5224
5080
7156
5728
4300
380
6972
420
7460
3292
7108
2728
6360
5336
376
1088
5768
5504
2800
7144
6440
40
2016
4736
1440
4256
4428
6444
5108
3444
4920
2332
5068
4076
1800
5596
1652
628
6144
2192
3268
2364
7884
364
5028
5036
6164
6252
7084
2108
5396
7356
3128
6836
3524
6312
4524
4292
132
5332
7880
5052
6456
2384
1944
3344
6668
7708
88
7476
5064
4260
2888
7212
440
2720
4248
1012
3188
4284
4496
1556
3976
7992
7224
3572
1312
6672
720
1628
3612
1964
4576
5156
420
5868
5696
6248
6160
5608
1228
936
6412
5116
7468
764
4324
1324
2384
164
6416
4192
4848
5896
4084
2376
816
5676
7752
96
964
3860
5516
932
6212
552
4936
3908
6800
1716
6060
1028
4964
6600
6668
380
4796
2992
6248
7180
7916
484
5012
4764
868
4384
5192
1684
2752
4944
3032
7356
3888
2484
6424
2324
5232
1452
2776
5024
4448
2236
6760
4868
6780
1972
4488
120
6108
6956
316
2244
7440
6832
5976
6572
3100
6624
5916
5220
4700
5116
3040
812
824
4616
7680
952
6068
5160
1124
6164
4764
4428
6052
4072
1216
2540
592
7324
3584
7724
536
400
7108
5860
3448
864
3132
1364
1532
3240
7704
6500
2116
7088
1232
1796
2380
6620
1180
1256
7804
1672
3172
5856
6416
1500
4236
7008
6792
2624
7284
6908
2320
4028
2408
1128
7268
5268
1668
5996
2680
6036
7496
4796
6248
5192
3788
4132
6616
2648
844
1196
3948
6488
116
2364
4988
7808
5592
324
5888
6236
3840
2916
1248
6248
7500
4784
3784
2820
2244
1104
6672
5252
236
4120
2744
3592
4532
6256
2028
4312
3620
2520
1280
7192
4884
3708
5160
3836
2932
7924
7268
5388
6448
1980
208
1404
2220
7448
2040
4464
552
7556
2016
3844
3940
2856
2552
6756
5656
524
1092
6580
1996
464
4068
4192
716
6908
3160
5672
2440
4108
368
4344
6672
3296
2520
2896
4872
7520
4800
7136
4580
5216
4708
2164
5816
2156
3240
4384
6176
3284
2964
4716
6276
4560
2280
4908
6272
2176
2580
712
1332
2212
7756
6116
2108
5340
6604
4092
316
4056
4388
4916
4616
5868
704
5236
7168
2536
7148
7660
7252
7308
920
6372
2748
6640
880
3524
6800
5156
7040
4028
900
716
1436
64
80
6288
4112
396
2312
7116
6936
6348
7176
7640
2344
660
2896
3196
2752
7344
4112
5288
2484
3560
5996
1604
532
7364
6760
1964
588
6684
1248
7152
4184
1328
2592
72
3088
7628
4972
4152
4736
6272
6292
7080
6932
3396
1884
3820
7508
968
4564
1992
7632
5056
564
7452
6000
7000
764
2588
5684
5468
6284
6500
1472
3692
5588
6512
7392
7860
2360
4128
6132
652
952
7200
764
4128
6476
1256
552
4576
3540
920
788
5024
3788
5372
4024
7568
7656
6904
5248
4828
3052
7232
1136
7732
5744
3332
7872
4056
156
1716
7400
1312
916
1364
6720
4768
7164
1832
1728
4376
2752
5100
2156
2420
600
1868
5800
7360
5316
2904
924
2916
2136
1408
2648
4280
7420
7064
7280
40
5348
936
2808
7024
772
1528
2256
956
7696
3632
788
6512
1688
2944
280
5328
424
5936
1884
1436
6776
7040
4352
6816
3712
3544
5992
4484
464
6888
7712
3116
2596
4904
5476
4248
1820
3220
7836
1516
3568
7700
7800
6904
3244
4080
4232
7124
5312
2660
5036
1464
3728
4140
808
7984
3400
6800
7304
3752
7912
7016
1288
5964
7376
3308
6936
5556
3724
6772
1156
7844
3016
1356
940
424
1980
164
6700
4668
4852
424
2676
580
6520
1868
3948
1920
388
6812
6376
3860
1284
7664
6548
7608
168
2028
6596
3724
2272
7864
592
1396
1964
7652
6364
7984
3968
7664
1228
820
5284
3712
4856
6764
5300
3712
6612
6472
2524
236
88
3156
3376
1540
7004
4792
2968
7592
6932
5240
7620
1796
7300
2576
2400
936
7788
1568
3924
1016
5192
1208
5500
5568
7644
1360
6400
5904
7132
6928
5668
396
2076
5708
4600
3072
7084
7568
2664
3304
7352
7588
5100
7296
2816
2700
232
7148
3616
4308
7452
3352
1444
408
6696
1656
1604
3100
3752
984
2028
2568
4044
48
4860
6972
7664
1140
4052
744
2164
4700
504
6612
7452
1144
4768
584
2548
3776
820
4904
488
2916
7500
5628
6740
5648
2528
1840
3336
2956
7272
236
6364
5868
3864
6700
4728
7916
4716
6240
3000
4212
308
4200
388
7084
1328
2160
4104
2148
5548
7568
1608
1504
5196
3520
4144
3348
1680
7192
5856
1048
5588
3964
5244
6276
2664
1168
1424
2704
7472
6648
3460
4292
5904
268
5208
3424
6972
2848
4848
2032
3068
3240
3536
2808
4824
7392
6656
6504
2040
4512
6000
3548
1200
7896
5272
4920
2008
920
2328
2536
5244
2984
788
7340
7796
7876
7656
6768
3624
3112
5388
6692
3584
1604
3884
1892
344
5076
4940
5232
3368
4136
1432
2376
7040
3248
2000
6568
2980
4980
7424
4768
7964
2092
3508
7856
5648
4452
4544
1272
4108
2612
3108
1176
3564
1428
7612
3708
7104
3064
2132
5928
6928
4156
3552
1648
7744
900
4760
7268
624
2664
3580
2484
2860
528
1820
6456
2176
5276
7360
4788
3316
4904
7068
3704
2876
7456
3452
7684
5324
2032
2656
7908
3072
3648
864
4800
7292
3896
2468
4460
1572
4568
6024
5832
504
4204
3920
4936
1732
3932
6544
1872
5380
3980
2040
7360
2784
6588
572
4052
2452
7844
3656
7380
7000
3096
7636
3164
4188
624
6052
2616
5192
3540
7168
7492
4532
2596
3188
656
5880
1340
5984
4356
2948
4056
444
3292
428
6600
760
1280
6368
6352
7096
4088
5396
540
7252
6128
3648
2312
6872
3000
4568
6120
4492
3492
68
3892
4148
5948
904
2132
1864
6588
1532
6580
3296
2200
2824
600
24
4456
5100
7120
544
3160
3776
7820
2968
3648
288
3904
648
7304
6760
4488
3812
7480
4052
4208
5644
4956
1380
6856
5716
2912
276
5876
3832
3100
4624
3760
3012
1724
4012
4060
7276
4332
6540
5372
7316
5332
2884
7652
2980
5972
292
832
6052
4344
1584
6940
3512
204
1252
5796
2708
1528
80
5668
184
160
6092
2828
5732
5536
6428
6064
1204
3568
4180
520
6236
552
3672
1216
1744
7420
3840
4340
6568
2256
5400
4944
5948
3852
2740
7784
7432
796
5452
0
304
640
1332
6028
980
7760
4176
5432
4192
356
2108
5500
7544
5020
5444
6744
4440
1604
7628
3008
3892
1936
6064
6384
1244
6780
6168
6188
6924
164
5268
388
4720
4716
2360
4260
1020
6536
5716
5864
3528
7824
4908
1088
2804
4612
3240
4440
6464
4388
7448
1920
5548
7300
1008
6020
7480
7828
752
1860
3080
4136
6528
1640
5396
6084
6076
1200
1164
292
6792
2364
4660
6768
6724
4660
5844
4516
220
7764
524
2684
2476
480
6840
4136
2084
1124
7108
4128
4632
5428
7992
3804
4264
2596
5720
6188
3820
4556
3024
5680
1724
7280
992
5000
6076
7692
5680
6688
72
2748
4004
3056
1188
2360
3880
1548
6764
4628
2580
5868
5560
5044
5936
4752
6992
504
6632
260
1144
1656
6036
580
1080
2956
7036
7156
4968
1356
3924
7772
2064
5276
244
2600
7636
3492
1052
7128
120
3984
6740
7104
2044
2000
4996
1492
3048
1820
6768
4192
7836
4152
7844
4048
3348
6228
6660
4424
4576
5684
3348
3164
4656
4896
2892
5020
4860
3672
12
3260
3416
6752
6908
916
1296
6456
7424
1540
4636
1424
5732
1668
6184
3084
5620
2184
3144
1040
6608
5976
4644
6716
1140
3468
548
5208
7128
4312
6464
476
3492
7592
3472
2400
4780
1312
6052
3412
4764
4928
2032
6164
3260
3848
1248
6904
6208
5352
6516
3856
624
7704
5044
6960
4888
2024
1752
560
5824
5412
5280
6300
1548
752
1296
5420
1008
268
5376
2496
6964
208
5204
900
7164
2996
7804
7044
5644
2864
3840
2812
7852
5428
1300
6420
3944
2352
2140
1880
7604
7420
776
1920
4716
2072
4500
4360
1652
1928
3400
6144
5480
2468
5244
6316
7472
244
5060
2716
836
4676
5544
6928
752
5968
508
1352
4384
156
428
7764
3808
6412
2156
1176
7796
6156
2080
6168
4228
5592
3432
1708
4100
7592
2396
6828
4108
4704
432
4944
7972
5112
2636
2676
7144
7688
672
6984
4076
7756
7220
536
6656
4180
1360
5708
6024
2736
7196
1796
3832
4988
4456
7684
3036
6604
5648
2600
3308
1536
724
7880
968
7712
5856
7020
3480
5184
7964
1248
1484
1988
1784
2828
1448
3032
2536
7968
5768
5884
2716
2608
4744
7172
5076
5032
6428
572
5568
1336
4420
7700
804
4548
12
2948
112
2840
1220
2656
5048
264
4644
4736
7980
6652
6248
5100
1316
2976
4632
4032
7632
4832
7748
7100
7800
4896
4216
2900
2036
7796
5016
5776
888
7784
7372
1652
6512
6152
1004
3560
6416
6512
5720
2980
7860
3968
7536
5720
992
7992
6296
2448
4840
5028
6804
7444
1272
2588
0
2692
1752
7144
3084
2640
688
2456
836
7200
5152
7832
2760
112
1272
5040
4524
4868
4528
100
852
1008
4636
3692
1440
4340
7316
7372
3104
5412
1328
3104
7512
3080
1236
476
2916
7452
1476
3752
6160
7780
4236
56
332
492
7716
7648
4708
3188
3004
7312
1392
6368
5032
3504
5972
892
1064
7936
4520
2392
6496
7536
2668
5260
4396
2128
100
6288
1736
1356
1492
7044
4868
3384
3748
2848
4264
960
4384
348
3728
2992
6524
2152
6496
1040
1260
5432
1104
1236
5844
196
5156
1368
2160
2608
3496
812
6720
1760
1992
3668
6000
5776
284
1748
5168
3068
2668
7216
7656
1220
5664
1132
7720
3508
560
4996
3220
6208
1036
5376
5444
5968
3288
5368
6388
832
6900
7052
1876
3744
580
3876
6064
7704
5584
4384
560
252
2948
2552
2488
7004
3032
5232
7960
5928
2568
3912
4824
556
5832
7968
4548
5844
6056
1224
940
4956
2144
4392
4668
1564
268
6604
1268
1764
2336
4164
1944
6876
6064
3780
5880
3064
2004
3116
1680
4572
7028
6504
7472
6212
3080
3368
104
6432
2400
1376
1424
256
5768
4756
6692
6776
1196
5380
7076
6988
6072
3792
112
8
7988
2312
7616
1992
5428
1296
6248
6616
452
3320
7984
76
48
7528
2296
3004
3256
3896
3260
1860
7140
7148
4916
3792
6232
5616
1380
7840
1824
6732
5044
5268
7224
4660
1008
5252
1008
360
3216
4012
5040
6688
4064
7724
1400
6360
7272
2308
7008
7076
7992
7480
6224
1452
888
4536
3836
2920
5028
792
7268
6616
6100
6492
4340
508
6548
6812
3292
5852
7344
4552
836
4060
7716
5108
652
4084
656
992
5008
7336
3688
6412
6828
3040
124
5796
3576
3096
5572
2192
64
3944
4140
4376
7256
4928
7732
3964
7324
7728
3972
3032
7284
4256
2280
7680
3820
4680
4768
7464
6404
6920
5196
6928
4532
2296
2324
5500
4396
7792
4692
4460
3500
3636
5380
1404
2164
5308
1984
2356
5580
1336
2228
7296
1048
7652
640
4576
2632
4756
7432
6580
6708
1220
2052
7784
2380
380
5936
1440
172
5788
216
1216
1304
2020
4996
4800
4832
5816
3916
3796
2608
6016
4524
3960
6320
7648
4072
4312
2892
7904
1188
1856
4772
5408
6580
6500
1828
1060
7676
4460
6848
7724
4756
1804
3068
4956
7540
3172
4316
4376
6724
6924
1816
4368
6420
4504
3600
1840
4736
4164
5392
7908
5368
6104
6152
2244
396
3676
1184
3824
3592
2336
6704
6360
7596
908
3316
3512
2264
3544
3344
3172
3380
4508
7424
5816
7996
1136
520
5384
5832
4220
5476
7040
6428
3628
1284
5424
5148
5148
6400
6444
7356
4240
84
3044
1692
224
6556
7920
4680
1248
3252
3516
6404
7628
5048
6400
1296
3472
328
488
4204
6456
1448
5776
988
7836
6656
320
6144
7604
2528
2244
6820
1012
5288
3524
4040
6648
7852
720
4264
56
4032
2668
7032
3528
6548
7288
3544
5568
4320
8
5432
5768
1240
3556
5932
7244
1960
3668
2304
4488
5912
4580
20
2548
4512
4020
6420
3252
7544
2684
3848
3512
2264
6640
3440
3348
5192
7896
2324
1512
3360
7756
3792
212
6604
1316
2488
4644
2632
248
4388
4720
2788
4408
1284
1072
1040
2864
6724
6504
4364
7116
5472
1356
5020
6704
2644
6756
4648
1512
4812
260
5696
1020
7144
7860
296
1632
7760
2336
5736
4148
7708
5068
2516
2968
4004
4932
756
84
6892
1664
7032
7796
960
4704
3044
7468
7612
7048
5956
5852
7308
508
6872
164
2704
772
4924
6400
6108
5356
5708
5256
2424
7572
1636
7072
7656
4336
4468
1416
5328
5436
5756
4784
3812
6164
3364
3148
7116
5396
5296
4736
7656
1880
4900
5852
2652
4520
4252
652
1876
6308
4604
4300
4720
1376
7916
2936
5040
3448
896
4596
4792
312
2780
3564
1140
3340
3040
6568
2056
3792
3304
2144
5020
4748
3708
3128
5812
308
2476
7688
4456
1188
7084
1176
508
1972
1760
5184
6020
7852
2868
2228
7540
88
1988
2392
4748
6948
7280
2260
4192
3976
2920
2948
5316
6628
180
4488
1776
2004
4800
1688
4272
7340
4752
4780
1312
3708
3052
2640
4056
6240
4868
3484
4652
6336
2364
6216
2192
5972
6848
1232
6540
5848
6892
3856
4236
7072
632
816
3084
888
5112
6812
7388
5100
772
4728
1392
336
248
5448
388
76
5420
2576
6400
4376
5336
4208
2348
6488
5632
6728
880
3092
6328
1840
4020
6960
6976
7756
7768
2680
4504
3916
2420
732
6972
7268
256
3852
7444
132
6732
1432
5556
7668
2944
3676
3876
1836
7992
5212
3108
888
5880
3220
7272
6444
1980
4840
2744
1324
172
6892
3028
5704
1840
1072
3296
1584
4272
332
2444
1156
1112
6568
5368
1624
1592
6372
864
1584
576
3972
3848
6456
2052
3844
4900
4472
2460
7320
4200
2288
3884
6828
7340
6436
5756
500
5952
1972
7832
4492
3728
3216
4880
1096
5756
6472
7268
4892
3512
7844
4376
7664
4772
1884
652
780
4760
4612
1996
960
716
1336
2412
1376
6356
4712
1876
4308
7936
7240
5380
3664
2456
7500
2204
1244
1428
2936
896
2676
2104
1716
444
2668
168
2596
2656
384
408
2796
4800
1948
4132
2388
7920
2324
7520
6500
6016
7456
5740
7940
4496
2224
4984
5460
3564
7900
7720
5112
5224
1824
6828
472
3700
3204
1092
7008
4528
6044
4212
2832
4096
2724
1096
720
4144
7000
7872
2160
3000
5460
320
7496
4476
3336
4840
692
6040
2880
1812
3264
1248
6440
424
4948
1308
6060
7116
3220
648
5708
264
2220
3728
1712
4956
7872
3448
540
1040
448
2268
6256
2504
3288
116
7344
3636
5924
7920
6712
2972
6672
3184
592
3472
6776
3196
7100
7900
3120
2808
364
6820
4536
4804
6136
120
6644
6024
7108
7092
7212
5708
6216
4076
1048
2056
1092
5188
5212
4348
2260
276
1816
5124
7324
592
6072
1844
692
5048
6420
6252
6316
1856
5992
7168
6264
1832
5192
844
5468
4404
7668
748
3784
6900
6040
6148
6332
908
6852
7024
6432
5212
1900
2512
5804
4516
6716
3040
3336
7024
1780
5020
880
3136
4188
3268
4760
2780
656
7292
5080
988
7388
212
5084
6732
6360
6752
7976
2964
1840
5752
2248
3396
2808
7564
6880
6092
672
5400
2312
4564
1032
3192
4460
6612
4612
7700
4820
3304
1060
7740
5684
1784
4072
4848
3052
1636
6096
4588
4600
4224
5276
6300
2628
184
4720
6760
4796
7504
6912
2484
4200
1336
1360
6956
7296
3252
2060
5524
2012
1000
1808
3676
4832
6532
3636
1780
1440
5264
4704
1384
6960
5636
7684
6472
5252
7840
7712
6220
272
2080
7720
6600
4852
1640
7256
5556
4416
2804
7624
1188
3804
6184
2056
2428
4892
6344
4104
6332
5624
6808
2704
1128
6628
3020
5344
3228
1300
512
464
848
5676
184
168
5088
1348
7424
2988
6396
4620
3364
3488
2640
2612
780
5068
4700
5892
2988
40
268
5820
4872
2596
7252
952
328
1680
348
7816
6784
7500
5492
5192
320
3052
388
3328
1576
6784
1512
2756
7508
4152
2564
3872
3592
352
2524
1036
392
1200
1660
2868
3796
6704
3820
3468
384
1072
5000
6144
1224
7036
3336
1528
3364
920
2760
2756
3368
1248
6164
2876
5708
6888
7004
5884
4920
4480
6608
3472
5680
268
1796
3336
5020
6544
7868
92
268
1412
1948
6036
1100
6584
3492
5720
112
3812
6420
3480
2256
3712
6456
1092
1560
4004
3520
1136
3288
4912
204
3192
6160
1592
6528
4436
2148
3592
1540
6960
5004
7592
2620
4968
1440
6048
2688
2608
5756
456
3676
6956
4168
676
2136
1956
4680
5656
6548
4192
7764
1656
7580
1604
5260
3492
2584
7408
7084
3492
6368
2876
6704
7708
7844
4016
6340
2280
3796
7416
1632
7472
6440
6360
148
576
948
284
4188
4948
4560
3576
3292
6476
1724
1488
6440
3308
5536
1296
6012
832
5036
3852
1124
2736
7748
7464
6056
3544
2756
7928
1144
3684
3484
5540
6812
4432
2092
3000
7484
988
7424
6612
4696
2300
3556
1744
3812
440
3904
6744
3064
940
2596
1288
6992
2848
2720
7064
3500
3492
1940
2356
192
1544
3836
2032
5096
1712
4424
416
1460
4420
2484
1460
3264
1576
956
7452
6864
5704
1420
1276
4764
2280
1596
3756
6780
860
6112
1880
6020
52
7524
2756
1964
3360
1332
5100
1808
5560
4684
7652
1980
5800
1808
2372
3572
4344
2276
5892
5568
2600
448
804
4228
1028
148
1152
7516
5964
4584
3048
1472
5060
1812
6892
3496
172
1792
1688
5732
4456
6536
7904
2256
4728
1884
6332
2000
6912
6908
7568
6756
1916
4440
5472
1868
4588
224
2352
6624
4360
2216
6304
4876
132
5196
1380
304
6988
5504
6036
4172
3576
5324
888
2304
1756
5444
3652
5156
4920
940
6400
1640
2236
7328
228
5648
7104
492
5520
6920
1452
7216
4472
1584
5980
7636
5076
3300
1684
2496
3600
1892
2624
4488
7000
868
6392
1508
6136
848
5168
4932
7208
864
5604
7436
240
4304
6944
5932
4392
4940
1692
2208
440
3636
6080
6644
3792
7764
692
7392
3068
1932
4388
3932
1360
5460
2120
2924
3388
3048
2008
4368
5640
4156
388
5228
148
4248
2752
1440
692
1060
7232
7748
152
1856
4560
7400
800
4784
6020
5732
604
6952
5120
5952
1492
5000
4972
1424
1504
6420
6400
6492
2264
1592
440
5216
5840
5768
4224
5148
2284
0
7916
2376
7052
3356
5024
6252
2932
7004
7480
1276
7948
56
7228
5984
6512
6800
4604
7600
380
6204
2348
6116
3388
2636
2556
2932
3132
6212
6436
4764
6864
2896
2388
5156
1364
2868
6904
516
2940
1840
5824
7432
2264
1404
6068
4248
4748
400
3352
2488
2196
6200
7828
388
836
1732
5456
6356
3520
2476
1864
112
420
7708
5268
4252
5040
7988
2848
4524
1852
3488
3008
412
2724
7604
4164
1432
796
4712
3696
6448
160
7588
780
676
6296
520
3576
28
6044
1712
140
3660
1452
2860
7704
4240
4768
1608
764
6192
2520
2300
3148
6916
1904
7652
5484
1108
6396
6436
4688
6556
1592
636
1336
2532
5700
2892
2560
4396
4604
4916
7560
348
3296
4896
4588
4748
1112
1896
7484
3984
6224
4984
4716
4320
7524
7232
1984
1128
6492
1840
884
2988
2476
6048
6640
6788
6676
4080
5848
5528
1424
6752
5180
7440
3968
4048
4188
7080
3044
3944
7608
3180
3732
2892
2956
3792
204
972
5572
3240
7132
1232
4796
540
336
3528
6248
5148
2904
64
3184
7832
800
3820
7692
7392
2672
1040
6472
7628
5708
4992
6264
1440
2100
1220
5648
5352
2620
4468
2432
3488
6352
3772
572
5440
244
5676
360
5464
6932
6280
2368
1868
5516
780
2068
5156
7088
5084
240
4796
92
6504
1380
5992
2912
276
2816
4252
5396
4160
7876
3748
7032
6652
6308
2244
7784
3212
7908
7800
4932
7472
5524
3100
6692
5196
2488
4148
2280
2900
648
4592
7060
5276
5560
5428
6204
7940
1176
3600
3516
3760
3724
5068
1652
2584
4524
6412
6448
3384
6212
3380
216
5884
4592
7128
3080
3092
3276
5712
5992
176
6144
4524
1644
68
6316
7848
7608
6316
7624
3124
5444
4268
5404
520
4048
5384
1456
5120
2544
6700
5196
5020
816
4592
1348
1192
1500
1528
5908
3508
1704
7764
4128
2864
3240
628
6472
2848
6292
5444
6840
848
4632
2020
4172
7416
7404
1988
1160
4860
168
1912
1880
3788
6136
932
4980
7980
56
2528
1016
2896
5888
2472
7968
2648
5168
5788
3004
1124
928
4164
5428
4296
5976
6016
908
6572
4548
252
1744
5032
6204
1188
6756
68
5496
424
7568
5440
6548
6552
1892
6636
3828
1860
172
6660
7648
1712
3240
2176
5908
3492
5228
68
5456
3680
3184
7092
3428
5908
3492
6828
4720
5704
720
2216
3372
7980
612
6464
5972
6720
172
5856
6596
4544
7972
6568
6908
948
4392
1000
2524
4292
6264
7980
7388
1448
4344
12
3540
4976
776
6820
728
2664
6200
5356
4972
5588
5652
6196
5676
5976
340
3624
7220
2436
2192
2672
6512
3836
3672
7468
128
1936
168
3544
7036
1020
6988
3496
5996
4396
7480
1812
556
1936
6348
7284
892
7304
2136
3112
6020
5252
6736
6800
7928
1492
416
3636
2288
3528
4168
1296
3604
6084
2776
6888
5064
3788
2384
5476
7432
2296
7288
4824
3384
940
3508
5508
896
6516
2452
7420
6736
3064
5164
1612
4556
2036
2024
2276
6596
2736
7020
2200
3348
4408
144
3868
4740
1876
1848
5496
7580
6092
3872
5768
4040
364
3716
1400
6880
2100
820
3312
7036
1632
380
7024
3948
6188
1300
3196
1576
2280
1940
2772
3232
2448
3900
2448
2884
5748
7944
5920
3112
4072
3928
1116
7164
5408
2516
4260
108
7084
948
3472
6900
2236
2496
44
4048
7276
3240
5528
4996
5892
6664
4568
1100
5052
7016
1784
4152
5200
7052
6612
1128
1420
7048
6508
6828
1564
2768
3264
976
260
3280
6576
6024
5776
3164
2628
4956
1212
4700
2860
5056
5420
6292
6808
4176
7276
5024
676
1020
5484
5936
6692
6868
6888
5200
7960
7220
3104
420
6896
2844
3700
2016
376
944
5180
7548
5900
512
3368
4960
5568
136
7796
6696
3960
4000
6980
6740
2980
1960
132
3712
828
2476
6704
4328
2604
2352
4748
7164
4704
7168
7396
5080
7504
6496
1172
1200
5984
5652
7696
3872
1828
752
1916
4936
3248
6392
7132
5576
352
1004
1864
3632
6528
3372
7656
7532
1020
2908
2152
4316
2084
2756
2692
832
2908
6480
2032
3076
6520
1728
1752
7852
7024
492
540
3572
6644
7020
4604
1708
6528
6468
1924
5056
5776
5732
1824
6048
4096
7432
2364
1360
2624
7860
2192
5532
4836
3392
348
3356
1792
2100
6308
5572
5064
6848
1144
6420
6292
1868
4032
2796
56
4464
5088
2916
1964
2368
3132
1480
2360
952
2840
4984
812
7128
4448
4996
552
2820
3808
5272
2736
5500
7700
7800
3848
4900
1396
2140
1512
5644
3460
2108
5508
548
1568
7492
1244
6436
972
4012
5972
348
6376
6028
7476
1336
5576
1076
3460
1384
740
6196
3536
1092
6164
3144
736
3512
4460
2900
1156
7920
6064
5004
3924
4496
5944
6136
1516
5244
1496
7488
5592
4288
6540
6004
1992
660
2536
908
7240
1796
512
3704
3840
940
2896
5228
4452
7356
2944
6552
6624
3152
3556
1612
6656
5844
4128
2860
600
5368
1812
4992
4536
2068
1012
1984
1408
3548
4724
5832
7468
1780
1536
4308
5384
4816
2536
2524
4096
936
4028
5984
2216
4780
4372
872
6936
7756
2556
1012
1068
2596
3980
6556
2952
164
4572
1912
6840
5840
3428
2828
7996
5348
1132
2612
1512
3140
592
872
2856
3912
6856
1616
7132
3228
4476
196
6276
5376
4664
272
4188
4512
136
3684
1220
7020
5576
5620
528
6612
3252
3636
1264
5576
6220
248
5564
2372
1120
4964
6284
4184
384
872
1848
7300
3872
7492
6076
7080
4308
4692
4024
7284
1008
2804
5652
6584
4388
5980
7972
6864
6000
6488
4440
7780
5216
5668
1500
1932
4332
3240
2660
7444
4156
812
6744
7716
4848
5212
3908
5808
7480
2920
548
7836
1892
1416
5740
4792
3940
6420
3656
6592
4908
4064
4644
7692
5232
6144
6168
2596
3428
1592
5576
3488
780
2288
956
6736
2924
4864
4544
640
6056
7068
2652
1032
5680
3088
3760
5996
1564
5396
7404
3344
6156
6852
232
6844
7164
4672
4248
5024
1352
2336
7104
2232
48
7556
968
168
5496
6648
5352
3552
5716
2700
5976
4220
1828
1084
6052
4876
4312
4808
4764
2700
3956
1540
3492
3844
2480
4420
3292
3416
3664
24
2272
7072
36
6696
1096
916
7952
1168
3816
4752
1532
5824
3188
3100
1284
1240
1680
2140
6372
4916
5492
5872
5276
1456
2444
660
7508
2932
700
3844
5092
5776
5424
5056
4472
3064
5320
3868
7092
3024
3540
5168
5392
6728
5932
3744
5164
7612
1604
1208
7332
432
5080
5512
6976
4720
1628
3680
7964
2328
4068
5056
7512
6036
2048
7764
5864
1272
3632
6772
840
3548
5060
3428
3180
2340
7684
7272
2208
1920
3680
7036
7164
1660
1524
2684
3060
104
4708
360
2380
7988
2200
1180
6048
6824
944
3272
4900
7584
5500
7516
4036
5708
3912
7748
88
3596
5140
1336
2328
6016
6352
6036
4356
7876
720
7416
424
6792
7056
7348
6780
1816
6168
7268
6976
5580
1192
6620
2004
4308
3700
3236
2056
212
32
2144
1004
5172
4788
7740
4428
4476
1704
3528
56
3560
4112
4912
4768
7488
3356
2532
5784
7992
6996
1612
2044
188
6448
3568
7576
2148
332
980
4740
300
4492
4264
2068
1792
3476
5816
5892
636
6924
1512
7468
2812
3400
4888
7496
7304
7420
1744
320
1200
3356
708
3532
1152
3340
3392
860
7796
4372
4120
3552
4664
2688
1484
4476
1452
6648
6584
5360
7724
96
5480
7632
7500
2368
3944
5356
1284
2580
2220
2328
3768
6488
2404
840
6604
7012
672
6400
816
6280
2860
4500
7300
1376
3432
6864
728
2144
852
3908
756
6828
920
256
84
3024
2900
1200
4100
680
5672
5064
7168
2344
4224
6388
3332
1440
640
6952
3812
44
2452
3112
1652
6276
7208
1728
7196
4100
5636
7952
5272
172
7408
5356
2544
3492
1352
1900
7628
3568
4836
5364
6776
40
3212
4912
6136
6028
3864
1836
2016
1772
2668
7636
4504
2936
4820
2692
7036
2356
5624
1504
2184
1576
756
3816
3280
4756
2552
4348
6640
5716
6212
872
2300
5000
5784
6640
1132
2512
3196
3148
7260
2276
56
6212
7340
4112
252
4240
6244
1916
1872
7188
36
2184
5264
4300
676
3256
4164
4844
5540
6920
6832
1956
6464
7544
140
7596
4908
400
4872
7992
2676
272
2432
2144
4384
6724
3580
6140
5184
1708
7484
5852
436
2868
2660
4572
6036
4248
1656
496
2672
7128
6996
1136
292
4600
6884
6960
4348
404
4120
5136
7868
2856
3140
560
1580
440
1036
3308
6692
6448
1892
7780
124
768
3264
6160
6936
2696
3852
4264
5140
224
4872
6728
4172
5468
5384
7096
7096
6112
3384
3772
5996
5636
4332
7872
6076
3948
632
5420
5220
3284
5200
7900
596
1520
6260
6340
1176
6656
2604
7420
7084
1188
3852
5088
5504
1532
1448
3016
1776
7328
7244
7676
5616
5740
3004
3924
6232
2372
1960
2444
2544
216
2344
1948
1736
6888
288
7908
3688
1268
4832
3396
80
1336
5148
2128
4348
1020
888
6124
2072
2936
2992
3544
652
7360
3836
5580
2428
2472
3136
536
6800
2012
6588
2284
3260
1048
1968
7572
4764
816
164
2040
5064
4984
3448
2064
1232
3684
2884
840
5540
7240
752
3112
5560
44
5532
7628
1028
5852
7092
1576
3320
7852
3860
60
4356
1892
3292
7592
6164
3128
6992
448
3568
4196
1840
5792
2944
7436
5528
5404
3260
1320
516
2300
6072
1504
4676
7100
7356
3848
6940
5592
540
376
5924
7272
5724
6400
6212
4380
7816
2676
7524
6556
6480
2796
3268
1424
5384
6168
788
7624
3152
4816
6468
1624
4688
6208
4824
4224
2836
6660
6360
4240
1064
436
1300
6788
4032
368
5864
7224
3044
2228
1836
872
6048
1860
1864
4836
3484
3304
6612
3788
4664
144
4968
628
1156
5824
1396
1680
1028
3316
6016
7964
6336
4716
1628
2240
5084
124
4332
140
68
5504
4188
1500
7812
2324
4736
864
5524
4268
2272
2840
1320
2696
12
7836
7672
1664
1612
700
2636
7628
1756
3700
468
776
7192
4616
2172
596
68
5376
3092
3880
3544
5708
1248
7336
3156
3724
6816
1972
7116
5496
4180
3944
6828
4508
5608
5216
1388
2972
2412
3824
1476
6056
4952
5740
6636
676
1280
3248
2648
2732
4324
1648
5024
4924
2312
5376
648
3032
7348
3664
5536
7636
7720
4364
4144
692
1492
1788
3952
4364
5964
7020
6964
7460
6720
2144
4020
896
1572
6668
2488
5248
7300
4056
2172
1532
1432
1340
2400
5976
2612
320
6340
5696
1240
6740
6388
252
1180
5892
7344
3688
1676
272
344
7220
656
4324
3520
5388
5800
1608
3316
6044
5552
6672
4120
1076
2408
6280
564
5020
1404
5680
1444
164
6940
400
3744
6784
5640
5052
7668
300
5748
12
3552
1212
880
7968
3820
7624
5096
5024
5668
5452
3268
1788
4376
5676
704
7220
1464
4156
6460
104
7840
5400
7704
3584
1420
1392
2436
6248
6908
7432
2804
7448
5840
3932
2936
1436
7764
7380
3588
5904
7328
4864
3380
5048
812
6132
2172
2152
2288
3712
2048
5904
5144
5800
6332
6564
6540
4104
316
3088
7476
7032
5080
2908
356
2796
1472
120
7960
2556
5672
7288
5040
7216
6784
6308
5628
956
3844
4008
1212
1348
5704
4068
1952
580
5300
7124
1672
6544
4036
6740
1388
1768
1648
5872
6508
4496
6404
2004
564
732
2716
7932
4492
3932
7028
2772
1568
7728
4692
2780
4424
5556
6848
6376
828
6452
5292
2612
5288
1328
4128
4100
7640
5776
1772
5676
2176
4720
4328
2932
2648
2500
4348
3932
1888
776
6840
320
4504
1308
996
4384
4900
4952
4856
7384
6860
2148
1996
6428
672
1324
5672
7304
4452
6704
7024
1180
2560
7240
6248
1752
2608
6052
6472
7952
6828
1856
4540
6136
1200
3544
5096
2644
6592
5012
4740
7616
1680
2192
4644
5264
4100
1664
7372
5096
3824
3804
4084
4720
4564
5788
5684
7172
3188
700
5688
2144
2556
5388
3992
300
1844
1756
4672
1944
1288
4868
6872
2968
556
5772
5100
1200
2892
3144
6296
900
7340
6756
6624
5224
1620
7060
7200
5024
7760
4968
5120
756
2356
6220
3260
7656
80
7932
5712
1368
12
6840
880
5112
7416
3780
6964
5308
4148
1804
3404
4808
5756
4780
4836
3920
7232
124
6896
7472
3156
560
3932
2656
1116
672
5304
6964
2064
7756
332
2052
5564
5752
4940
1852
5428
6568
4108
924
1024
3560
6428
836
1220
1592
3084
6012
6260
6524
6676
5960
7084
464
3304
6620
860
1260
2128
4660
1952
7960
6712
3612
1168
7108
6956
1020
7888
3064
96
5680
3952
440
6612
2732
2304
1016
3416
6848
7540
980
7112
4448
6172
3068
2172
4040
872
6120
6916
6920
1536
4748
540
7632
6292
1584
1388
5052
1976
936
2828
5928
5216
1440
4116
2976
424
3844
5792
3660
5136
5556
788
6232
2448
6580
5808
5032
7540
6304
6432
6540
20
5564
6908
1728
1120
4840
5380
3688
4096
7096
6412
1312
2344
1160
3980
1392
4664
1300
6020
1800
800
6004
976
1648
3032
7636
2136
1588
6668
3704
128
1352
7000
3580
1732
4664
7196
3656
7264
1520
4212
4308
4752
5604
2800
2340
3424
6136
4628
2716
3664
5428
6896
5492
7024
2232
5128
6456
3820
1540
52
7124
3268
3492
7000
3008
156
2072
300
7108
7480
7648
2764
5272
1796
7964
4416
1628
5284
7788
6260
4404
5640
612
1896
3160
5728
7024
2268
5364
940
6760
3836
3556
2252
1324
548
5208
7676
3312
7772
7156
7504
1624
1232
1952
1796
5648
3132
7080
892
4848
2832
6708
2808
2888
2896
5080
4516
3916
7716
7880
2676
7576
4180
2688
2400
7172
4264
5276
684
6964
3780
840
4688
468
7336
1940
6044
4204
7248
6304
8
7040
5012
7360
392
4252
3176
1452
4712
700
2224
228
1776
6404
1244
4176
3776
2052
4556
5112
4260
3792
2496
948
7900
5784
1272
5944
5036
520
7640
7516
6024
176
6876
7068
7380
7756
7096
5984
1596
4872
2244
4244
6728
3804
3524
2504
1752
4080
3456
6012
7060
3584
5200
840
5656
7124
3980
2040
3428
164
5980
4752
12
1548
6860
6740
6208
7764
4212
7932
7912
5704
4312
1184
1900
4324
5864
2656
6560
396
668
1076
4812
6272
3692
1816
5396
7712
304
6032
1104
5676
6240
2364
4128
5164
3056
2476
5580
6844
5208
5788
2416
4324
6972
516
3456
4564
3172
2016
4960
972
1068
6496
7244
6028
6776
4640
1684
6472
4848
4036
4148
5892
5748
7992
728
5308
604
6604
2812
1804
4392
2388
5976
796
1584
780
3116
7560
6252
76
6588
4532
2964
7344
1960
4188
1840
7100
5716
4992
2484
5780
900
3688
1244
976
6380
2312
4580
2968
660
7160
5716
3336
1636
5512
7100
3064
2048
7152
7816
4092
7140
308
6892
1100
3468
5052
7548
1208
3516
2128
5172
396
1560
7528
580
3396
5216
544
224
4096
6616
948
3640
216
4564
3460
7824
7060
7148
7992
5032
5636
4512
3692
2192
6956
4816
2420
3620
7936
3068
1252
7284
2988
6836
4296
4788
1184
4840
6060
7456
3420
608
4184
180
5248
724
4
6188
3328
2792
1592
964
1720
1828
1656
7308
2336
4076
7768
2144
1796
6596
596
5736
2628
7756
2524
1444
2916
4464
6716
5048
2268
1260
1772
2980
536
2428
2992
6248
4180
4584
5600
5900
4008
360
5208
1272
7740
2560
7960
1536
1232
7364
3148
3860
392
7376
5768
6764
4492
3132
4520
856
4392
2748
7292
6144
4224
4300
4392
404
5480
1208
1312
6528
2608
440
7288
5920
3076
3824
4384
4308
7916
2220
4712
3852
5808
6944
1632
6844
6620
2888
2532
4604
440
4760
1412
4216
3100
6436
4840
2492
4576
7928
4476
4976
5708
644
4720
784
4468
3140
1636
3232
2256
1268
3988
4608
5780
1704
7620
7160
4592
5088
396
2584
2312
5808
7020
1552
3372
404
7500
4660
476
4292
2488
6184
3648
7208
3512
3624
1812
2468
4152
6352
7192
816
1744
2644
7112
4168
28
5480
6360
7192
5700
1748
7160
2136
3300
4432
6268
1360
3068
3288
5652
580
2124
6496
1432
5436
2872
3076
7252
7024
6188
2284
7840
1640
5556
3496
2528
2032
6668
376
3588
5512
1372
4868
4624
128
6316
1644
6116
6580
1476
3920
3704
4016
2576
2272
3360
1992
152
3892
5948
5420
1632
1564
4220
7532
7128
1764
912
5796
7264
2676
7852
5892
2192
3228
1584
1320
1416
4460
3172
4724
7460
532
4072
3768
0
7432
5760
152
84
3644
5572
5004
12
4156
3884
7116
5920
2820
1456
1344
2040
6308
4432
4392
1464
5152
2256
4736
4148
7084
2700
3608
268
6772
3296
268
4868
7660
4660
240
560
4368
3024
7452
524
860
3792
5792
6504
2208
7904
7072
3900
3472
6136
1908
3536
4772
1716
7388
3760
5068
976
6948
384
5680
6680
7288
5340
5476
88
3096
1192
4504
3644
2444
5364
2952
6804
6860
744
1560
6228
352
5368
744
2260
6820
5556
1172
2752
6300
1376
3728
3452
3552
6604
2132
4264
7128
5204
5004
4032
7444
500
3192
3000
7668
1472
4848
5632
5272
6408
3104
2168
1040
5816
5992
4404
3372
3180
7808
528
6196
464
3980
6100
7068
916
6816
7408
3712
3820
6896
3156
6752
5528
7844
1196
4072
1236
136
1852
7644
920
7052
1736
7648
2572
5332
3724
1864
7020
4252
3516
136
3036
964
412
3664
5604
3276
4496
5240
6096
6660
3992
7448
5728
5600
4748
7616
6424
3144
3804
3888
3908
2068
3536
3860
6068
7812
6004
952
7896
868
6528
2932
2328
6288
2724
3276
2596
6228
3644
5236
7272
7652
6440
1964
1404
7732
5804
6436
196
6000
2548
7560
5264
988
3700
804
5344
4508
148
2644
6784
2272
3744
5656
7472
1800
5620
332
7884
6024
5556
40
2220
540
5380
1988
4816
976
7192
1164
6976
5296
6396
6832
1332
2716
4524
6792
5248
2292
3852
1536
3476
7892
7192
1212
1908
1884
880
2676
684
4636
7260
7448
7552
1880
2540
5264
4760
5304
6428
1240
5016
2772
4740
5812
4488
6352
3564
760
6972
7416
776
40
176
4512
1252
6628
2628
288
5848
7856
2692
5964
312
4208
4084
5416
5600
3316
4896
1224
7272
2248
5004
4012
3012
7484
5660
6796
4732
5788
5164
588
5748
1884
5100
700
6452
3344
7588
4060
3488
352
6244
3816
4560
6704
1840
1764
7216
2192
7460
6488
56
2456
5116
5760
6484
2912
4556
1752
6916
2848
2340
6364
7688
3984
7064
6764
7360
4020
6280
6304
4332
3492
5944
3696
408
7132
2156
7624
6292
6160
6112
3544
7000
5540
2216
3972
5372
5388
5676
6740
5460
3336
2512
2228
2808
6904
7992
1992
2884
6540
7768
2672
3048
5712
1248
3456
2772
4212
4536
6260
1948
1880
5812
508
3660
4132
7680
6940
6064
5996
5680
5148
2828
288
28
20
2648
4580
6556
5532
3120
6788
3956
4252
1728
1760
4252
6572
6188
4024
3768
2284
2144
6036
1368
3000
904
5916
1940
2840
3704
3452
2960
3888
7196
84
3868
5772
6960
7884
3216
4812
944
7260
7440
7216
3140
468
7024
5636
3124
3256
4240
328
6488
2008
5328
5872
7692
1156
3516
7024
5752
3988
4704
7212
4096
5380
4984
4560
5264
6312
5916
6484
948
3020
1916
7388
4140
5484
1752
6984
6224
1624
2768
3192
